173 362
1 6.123234e-016 -1.499760e-031 1.000000e+001
2 6.123234e-016 -1.499760e-031 -1.000000e+001
3 2.837641e+000 -6.950215e-016 -9.588941e+000
4 5.111678e+000 -1.252000e-015 -8.594809e+000
5 6.881266e+000 -1.685424e-015 -7.255907e+000
6 8.202087e+000 -2.008932e-015 -5.720644e+000
7 9.126695e+000 -2.235396e-015 -4.086983e+000
8 9.700507e+000 -2.375939e-015 -2.429025e+000
9 9.968306e+000 -2.441531e-015 -7.955318e-001
10 9.970055e+000 -2.441959e-015 7.733044e-001
11 9.743086e+000 -2.386368e-015 2.252171e+000
12 9.321105e+000 -2.283012e-015 3.621739e+000
13 8.734935e+000 -2.139442e-015 4.868357e+000
14 8.014231e+000 -1.962921e-015 5.980978e+000
15 7.182745e+000 -1.759265e-015 6.957598e+000
16 6.266048e+000 -1.534739e-015 7.793372e+000
17 5.284269e+000 -1.294273e-015 8.489788e+000
18 4.256821e+000 -1.042621e-015 9.048728e+000
19 3.200807e+000 -7.839716e-016 9.473903e+000
20 2.130454e+000 -5.218107e-016 9.770423e+000
21 1.059928e+000 -2.596076e-016 9.943669e+000
22 7.158188e-001 -2.392854e+000 -9.683070e+000
23 1.133022e+000 2.477019e+000 -9.621883e+000
24 3.718362e+000 2.714988e+000 -8.877084e+000
25 5.570273e+000 -1.896977e+000 -8.085390e+000
26 5.810975e+000 2.331726e+000 -7.797155e+000
27 7.412924e+000 1.630453e+000 -6.510774e+000
28 8.454333e+000 -1.637946e+000 -5.083442e+000
29 8.446101e+000 1.809176e+000 -5.038876e+000
30 9.256025e+000 1.789059e+000 -3.335455e+000
31 9.754661e+000 -1.585679e+000 -1.527158e+000
32 9.724977e+000 1.793424e+000 -1.486088e+000
33 9.901251e+000 1.400764e+000 -5.555407e-002
34 9.781373e+000 -1.364210e+000 1.569607e+000
35 9.755514e+000 1.615842e+000 1.489632e+000
36 9.385991e+000 1.610056e+000 3.051376e+000
37 8.987325e+000 -1.174360e+000 4.224791e+000
38 8.944908e+000 1.295117e+000 4.279169e+000
39 8.271327e+000 1.537756e+000 5.405595e+000
40 7.592682e+000 -1.127286e+000 6.409400e+000
41 7.598009e+000 1.160138e+000 6.397214e+000
42 6.762779e+000 1.171397e+000 7.272733e+000
43 5.804597e+000 -1.063493e+000 8.073143e+000
44 5.857542e+000 1.607648e+000 7.943845e+000
45 4.700374e+000 1.627575e+000 8.675107e+000
46 3.743481e+000 -1.019490e+000 9.216669e+000
47 3.554691e+000 1.467343e+000 9.230985e+000
48 1.504006e+000 -1.109851e+000 9.823757e+000
49 1.483847e+000 1.154389e+000 9.821690e+000
50 3.167654e-001 1.074377e+000 9.937071e+000
51 3.428871e+000 -2.288552e+000 -9.110729e+000
52 7.318228e+000 -1.726989e+000 -6.592500e+000
53 9.307240e+000 -1.551200e+000 -3.311958e+000
54 9.898785e+000 -1.419170e+000 -1.412323e-003
55 9.479839e+000 -1.259253e+000 2.923513e+000
56 8.373270e+000 -1.117071e+000 5.351683e+000
57 6.683059e+000 -1.153190e+000 7.348937e+000
58 4.732992e+000 -1.030277e+000 8.748561e+000
59 4.525839e-001 -9.307638e-001 9.946298e+000
60 2.613807e+000 -1.053209e+000 9.594726e+000
61 2.604419e+000 1.040675e+000 9.598646e+000
62 -1.247226e+000 1.101615e+000 9.860571e+000
63 -1.863460e+000 -3.353387e-001 9.819117e+000
64 -7.826163e-001 -1.387679e+000 9.872277e+000
65 1.875196e+000 -2.472451e+000 9.506347e+000
66 6.069841e+000 -3.820990e+000 -6.968290e+000
67 9.334293e+000 -3.550344e+000 -5.157929e-001
68 9.237296e+000 -3.055262e+000 2.310355e+000
69 8.395036e+000 3.512479e+000 -4.145584e+000
70 8.922854e+000 -3.913524e+000 -2.251002e+000
71 8.410670e+000 -2.607018e+000 4.739629e+000
72 9.501032e+000 -2.972646e+000 9.453921e-001
73 6.939415e+000 -2.516182e+000 6.746358e+000
74 9.116953e+000 3.394911e+000 2.314249e+000
75 8.982174e+000 -2.501348e+000 3.614390e+000
76 8.420943e+000 3.313750e+000 4.255207e+000
77 7.802045e+000 -2.246795e+000 5.837808e+000
78 5.203720e+000 3.455355e+000 7.809086e+000
79 4.201289e+000 -2.347180e+000 8.765838e+000
80 3.932781e+000 -4.639712e+000 -7.937651e+000
81 2.167914e+000 2.635129e+000 9.399800e+000
82 1.293707e+000 -5.164593e+000 -8.464827e+000
83 -5.203618e-001 2.304803e+000 9.716847e+000
84 3.089120e+000 -2.139065e+000 9.267240e+000
85 -3.340351e+000 1.257753e+000 9.341312e+000
86 -2.618795e+000 -1.963184e+000 -9.449223e+000
87 -2.192043e+000 3.624055e+000 -9.058762e+000
88 1.114571e+000 5.627468e+000 -8.190808e+000
89 4.302157e+000 5.544727e+000 -7.123724e+000
90 6.880457e+000 4.169967e+000 -5.938913e+000
91 8.934332e+000 4.015061e+000 -2.014198e+000
92 9.317709e+000 3.627954e+000 1.350773e-001
93 3.626997e+000 3.294366e+000 8.717342e+000
94 7.875446e-001 2.278052e+000 9.705166e+000
95 8.439101e+000 -3.528497e+000 -4.041199e+000
96 -4.728552e+000 9.204429e-001 -8.763195e+000
97 -3.832035e+000 -5.443544e-001 9.220585e+000
98 7.361032e+000 -3.932269e+000 -5.509307e+000
99 -5.809411e+000 4.624242e+000 -6.698293e+000
100 5.172100e+000 -2.112774e+000 8.293707e+000
101 -2.152721e+000 2.934339e+000 9.314260e+000
102 5.180870e-001 -2.272422e+000 9.724592e+000
103 7.062994e+000 3.008832e+000 6.407889e+000
104 6.029662e+000 -2.426055e+000 7.599831e+000
105 -2.655374e+000 -2.087626e+000 9.412269e+000
106 -2.320364e+000 -4.884109e+000 -8.411979e+000
107 -2.297604e+000 6.918362e+000 -6.845238e+000
108 -5.966977e+000 -2.804683e+000 -7.518573e+000
109 -5.906713e+000 6.490165e-001 8.042979e+000
110 9.375840e-001 -4.065592e+000 9.088008e+000
111 4.829206e+000 -3.547333e+000 8.005948e+000
112 8.047898e+000 -5.872073e+000 -8.660825e-001
113 6.778209e+000 5.923949e+000 4.354620e+000
114 -1.512662e+000 -7.656637e+000 -6.252021e+000
115 -1.001346e+000 -3.400885e+000 9.350470e+000
116 7.142727e+000 -5.998262e+000 -3.605870e+000
117 6.067693e+000 -4.010810e+000 6.862689e+000
118 -5.090086e+000 -6.099259e+000 -6.073719e+000
119 -8.377776e+000 6.360020e-001 -5.422948e+000
120 1.803351e+000 4.742673e+000 8.617132e+000
121 8.210239e+000 -4.343166e+000 3.705251e+000
122 7.697659e+000 6.322643e+000 -8.776250e-001
123 -2.126478e-002 3.856090e+000 9.226598e+000
124 5.480152e+000 5.456775e+000 6.339680e+000
125 2.200445e+000 -7.509234e+000 -6.226511e+000
126 7.379274e+000 -3.759319e+000 5.604804e+000
127 8.123958e+000 5.454128e+000 2.062474e+000
128 -8.246386e+000 4.868209e+000 -2.880566e+000
129 -5.367780e+000 -2.350768e+000 8.103137e+000
130 1.153222e+000 8.863781e+000 -4.483688e+000
131 -4.453440e+000 8.307949e+000 -3.338391e+000
132 3.559769e+000 5.552848e+000 7.516244e+000
133 -4.709136e+000 3.281515e+000 8.188754e+000
134 -8.345082e+000 -4.222047e+000 -3.540328e+000
135 5.322085e+000 -6.197754e+000 -5.767430e+000
136 3.058307e+000 -3.953812e+000 8.661070e+000
137 -8.313241e+000 -1.636691e+000 5.311428e+000
138 -2.521095e+000 4.893070e+000 8.348769e+000
139 1.695573e+000 -6.063033e+000 7.769470e+000
140 8.514715e+000 -5.038081e+000 1.455116e+000
141 4.830777e+000 8.737026e+000 5.726856e-001
142 6.330987e+000 -7.678301e+000 9.809713e-001
143 7.595242e+000 5.495778e+000 -3.479758e+000
144 -9.972666e+000 6.122202e-001 4.136552e-001
145 -3.401905e+000 -4.420320e+000 8.299868e+000
146 -8.802600e-001 -5.782187e+000 8.111193e+000
147 -2.043465e-001 -9.475475e+000 -3.189611e+000
148 5.290906e+000 7.558119e+000 -3.857610e+000
149 -4.919570e+000 -8.218168e+000 -2.873941e+000
150 4.375895e+000 -5.522668e+000 7.095892e+000
151 3.773092e+000 -8.514353e+000 -3.642742e+000
152 -6.686161e+000 7.247862e+000 1.662450e+000
153 1.048873e+000 7.220853e+000 6.838066e+000
154 -3.260204e-001 5.703607e+000 8.207471e+000
155 6.816689e+000 -6.582649e+000 3.193977e+000
156 -6.209000e+000 -5.138289e+000 5.919992e+000
157 -7.024704e-001 9.970864e+000 2.973462e-001
158 5.685241e+000 -8.076877e+000 -1.562719e+000
159 -7.836125e+000 3.075418e+000 5.397865e+000
160 6.434447e+000 -5.409495e+000 5.416203e+000
161 2.227613e+000 -9.748250e+000 9.675464e-002
162 4.994543e+000 -6.984053e+000 5.126162e+000
163 -4.205592e-001 -8.788631e+000 4.752167e+000
164 -7.857166e+000 -6.035147e+000 1.357183e+000
165 -3.226673e+000 -6.862168e+000 6.519143e+000
166 3.318115e+000 8.238609e+000 4.595153e+000
167 -2.840178e+000 -9.567717e+000 6.262400e-001
168 -1.878873e+000 8.868199e+000 4.221952e+000
169 2.770625e+000 -7.625069e+000 5.846533e+000
170 -1.895280e+000 6.945744e+000 6.940068e+000
171 -4.947785e+000 6.216720e+000 6.072217e+000
172 3.721627e+000 -8.751665e+000 3.091577e+000
173 -4.594896e+000 -8.018164e+000 3.820467e+000
1 102 2 3 
2 102 3 4 
3 102 4 5 
4 102 5 6 
5 102 6 7 
6 102 7 8 
7 102 8 9 
8 102 9 10 
9 102 10 11 
10 102 11 12 
11 102 12 13 
12 102 13 14 
13 102 14 15 
14 102 15 16 
15 102 16 17 
16 102 17 18 
17 102 18 19 
18 102 19 20 
19 102 20 21 
20 102 21 1 
21 203 2 3 22 
22 203 3 2 23 
23 203 4 3 24 
24 203 3 23 24 
25 203 4 5 25 
26 203 5 4 26 
27 203 4 24 26 
28 203 6 5 27 
29 203 5 26 27 
30 203 6 7 28 
31 203 7 6 29 
32 203 6 27 29 
33 203 8 7 30 
34 203 7 29 30 
35 203 8 9 31 
36 203 9 8 32 
37 203 8 30 32 
38 203 10 9 33 
39 203 9 32 33 
40 203 10 11 34 
41 203 11 10 35 
42 203 10 33 35 
43 203 12 11 36 
44 203 11 35 36 
45 203 12 13 37 
46 203 13 12 38 
47 203 12 36 38 
48 203 14 13 39 
49 203 13 38 39 
50 203 14 15 40 
51 203 15 14 41 
52 203 14 39 41 
53 203 16 15 42 
54 203 15 41 42 
55 203 16 17 43 
56 203 17 16 44 
57 203 16 42 44 
58 203 18 17 45 
59 203 17 44 45 
60 203 18 19 46 
61 203 19 18 47 
62 203 18 45 47 
63 203 20 21 48 
64 203 21 20 49 
65 203 1 21 50 
66 203 21 49 50 
67 203 3 4 51 
68 203 25 5 52 
69 203 5 6 52 
70 203 6 28 52 
71 203 28 7 53 
72 203 7 8 53 
73 203 8 31 53 
74 203 31 9 54 
75 203 9 10 54 
76 203 10 34 54 
77 203 34 11 55 
78 203 11 12 55 
79 203 12 37 55 
80 203 37 13 56 
81 203 13 14 56 
82 203 14 40 56 
83 203 40 15 57 
84 203 15 16 57 
85 203 16 43 57 
86 203 43 17 58 
87 203 17 18 58 
88 203 18 46 58 
89 203 48 21 59 
90 203 21 1 59 
91 203 19 20 60 
92 203 20 19 61 
93 203 3 51 22 
94 203 1 50 62 
95 203 19 60 46 
96 203 51 4 25 
97 203 1 62 63 
98 203 49 20 61 
99 203 61 19 47 
100 203 59 1 64 
101 203 1 63 64 
102 203 60 20 48 
103 203 60 48 65 
104 203 25 52 66 
105 203 31 54 67 
106 203 27 26 90 
107 203 34 55 68 
108 203 30 29 69 
109 203 53 31 70 
110 203 31 67 70 
111 203 37 56 71 
112 203 33 32 92 
113 203 54 34 72 
114 203 67 54 72 
115 203 34 68 72 
116 203 40 57 73 
117 203 36 35 74 
118 203 55 37 75 
119 203 68 55 75 
120 203 37 71 75 
121 203 39 38 76 
122 203 56 40 77 
123 203 71 56 77 
124 203 40 73 77 
125 203 45 44 78 
126 203 58 46 79 
127 203 51 25 80 
128 203 25 66 80 
129 203 61 47 81 
130 203 22 51 82 
131 203 51 80 82 
132 203 62 50 83 
133 203 46 60 84 
134 203 79 46 84 
135 203 60 65 84 
136 203 63 62 85 
137 203 2 22 86 
138 203 49 61 81 
139 203 23 2 87 
140 203 24 23 88 
141 203 26 24 89 
142 203 90 26 89 
143 203 24 88 89 
144 203 29 27 90 
145 203 69 29 90 
146 203 163 172 169 
147 203 32 30 91 
148 203 92 32 91 
149 203 30 69 91 
150 203 35 33 92 
151 203 74 35 92 
152 203 162 169 172 
153 203 38 36 76 
154 203 167 173 164 
155 203 36 74 76 
156 203 41 39 103 
157 203 39 76 103 
158 203 47 45 93 
159 203 81 47 93 
160 203 45 78 93 
161 203 50 49 94 
162 203 83 50 94 
163 203 49 81 94 
164 203 28 53 95 
165 203 53 70 95 
166 203 87 2 96 
167 203 2 86 96 
168 203 23 87 88 
169 203 63 85 97 
170 203 52 28 98 
171 203 87 96 99 
172 203 78 44 103 
173 203 44 42 103 
174 203 43 58 100 
175 203 58 79 100 
176 203 85 62 101 
177 203 62 83 101 
178 203 48 59 102 
179 203 42 41 103 
180 203 161 172 163 
181 203 168 153 166 
182 203 57 43 104 
183 203 64 63 105 
184 203 63 97 105 
185 203 66 52 98 
186 203 48 102 65 
187 203 59 64 102 
188 203 86 22 106 
189 203 22 82 106 
190 203 88 87 107 
191 203 87 99 107 
192 203 43 100 104 
193 203 73 57 104 
194 203 96 86 108 
195 203 97 85 109 
196 203 65 102 110 
197 203 104 100 111 
198 203 70 67 112 
199 203 108 119 96 
200 203 86 106 108 
201 203 103 76 113 
202 203 106 82 114 
203 203 102 64 115 
204 203 95 70 116 
205 203 70 112 116 
206 203 28 95 98 
207 203 73 104 117 
208 203 104 111 117 
209 203 108 106 118 
210 203 106 114 118 
211 203 99 96 119 
212 203 81 93 120 
213 203 75 71 121 
214 203 92 91 122 
215 203 83 94 123 
216 203 98 95 116 
217 203 78 103 124 
218 203 100 79 111 
219 203 114 82 125 
220 203 82 80 125 
221 203 68 75 121 
222 203 173 163 165 
223 203 77 73 126 
224 203 73 117 126 
225 203 113 76 127 
226 203 165 156 173 
227 203 99 119 128 
228 203 105 97 129 
229 203 64 105 115 
230 203 102 115 110 
231 203 88 107 130 
232 203 107 99 131 
233 203 99 128 131 
234 203 93 78 132 
235 203 120 93 132 
236 203 78 124 132 
237 203 109 85 133 
238 203 85 101 133 
239 203 119 108 134 
240 203 108 118 134 
241 203 97 109 129 
242 203 80 66 135 
243 203 125 80 135 
244 203 66 98 135 
245 203 92 122 127 
246 203 83 123 101 
247 203 98 116 135 
248 203 111 79 136 
249 203 65 110 136 
250 203 129 109 137 
251 203 101 123 138 
252 203 136 110 139 
253 203 136 79 84 
254 203 124 103 113 
255 203 72 68 140 
256 203 68 121 140 
257 203 127 122 141 
258 203 67 72 140 
259 203 76 74 127 
260 203 81 120 123 
261 203 67 140 112 
262 203 112 140 142 
263 203 91 69 143 
264 203 122 91 143 
265 203 69 90 143 
266 203 71 77 126 
267 203 121 71 126 
268 203 156 137 164 
269 203 128 119 144 
270 203 115 105 145 
271 203 110 115 146 
272 203 114 125 147 
273 203 130 107 131 
274 203 170 153 168 
275 203 148 89 130 
276 203 90 89 148 
277 203 118 114 149 
278 203 114 147 149 
279 203 111 136 150 
280 203 136 139 150 
281 203 125 135 151 
282 203 147 125 151 
283 203 135 116 151 
284 203 90 148 143 
285 203 129 137 156 
286 203 101 138 133 
287 203 128 144 152 
288 203 65 136 84 
289 203 120 132 153 
290 203 123 120 154 
291 203 141 157 166 
292 203 81 123 94 
293 203 146 115 145 
294 203 145 105 129 
295 203 145 129 156 
296 203 164 173 156 
297 203 110 146 139 
298 203 131 128 152 
299 203 119 134 144 
300 203 130 131 157 
301 203 118 149 134 
302 203 124 113 166 
303 203 88 130 89 
304 203 117 111 150 
305 203 130 157 141 
306 203 116 112 158 
307 203 112 142 158 
308 203 161 142 172 
309 203 138 123 154 
310 203 151 116 158 
311 203 137 109 159 
312 203 120 153 154 
313 203 148 130 141 
314 203 137 159 144 
315 203 155 121 160 
316 203 147 151 161 
317 203 151 158 161 
318 203 127 74 92 
319 203 142 140 155 
320 203 155 160 162 
321 203 139 146 163 
322 203 122 143 148 
323 203 126 117 160 
324 203 157 131 152 
325 203 134 149 164 
326 203 146 145 165 
327 203 163 146 165 
328 203 145 156 165 
329 203 166 113 141 
330 203 109 133 159 
331 203 144 134 164 
332 203 132 124 166 
333 203 153 132 166 
334 203 167 163 173 
335 203 149 147 167 
336 203 122 148 141 
337 203 160 117 150 
338 203 160 150 162 
339 203 157 152 168 
340 203 150 139 169 
341 203 139 163 169 
342 203 138 154 170 
343 203 140 121 155 
344 203 133 138 171 
345 203 138 170 171 
346 203 147 161 167 
347 203 168 166 157 
348 203 171 170 168 
349 203 133 171 159 
350 203 142 155 172 
351 203 155 162 172 
352 203 150 169 162 
353 203 164 149 167 
354 203 113 127 141 
355 203 152 171 168 
356 203 144 164 137 
357 203 154 153 170 
358 203 121 126 160 
359 203 167 161 163 
360 203 152 144 159 
361 203 159 171 152 
362 203 158 142 161