800	800
1.	1.	0.	0.
2.	0.9999691576447897	0.007853900888711334	0.
3.	0.9998766324816606	0.015707317311820675	0.
4.	0.9997224302180006	0.02355976483361015	0.
5.	0.9995065603657316	0.03141075907812829	0.
6.	0.9992290362407229	0.03925981575906861	0.
7.	0.99888987496197	0.04710645070964266	0.
8.	0.9984890974505379	0.05495017991244575	0.
9.	0.9980267284282716	0.06279051952931337	0.
10.	0.99750279641627	0.07062698593116667	0.
11.	0.996917333733128	0.07845909572784494	0.
12.	0.9962703764929413	0.08628636579792337	0.
13.	0.99556196460308	0.09410831331851431	0.
14.	0.9947921417617265	0.10192445579505004	0.
15.	0.9939609554551797	0.10973431109104528	0.
16.	0.9930684569549263	0.11753739745783764	0.
17.	0.9921147013144779	0.12533323356430426	0.
18.	0.9910997473659748	0.13312133852655236	0.
19.	0.9900236577165575	0.14090123193758267	0.
20.	0.9888864987445046	0.14867243389692297	0.
21.	0.9876883405951378	0.15643446504023087	0.
22.	0.9864292571764954	0.16418684656886293	0.
23.	0.9851093261547739	0.17192910027940952	0.
24.	0.9837286289495359	0.17966074859319253	0.
25.	0.9822872507286887	0.1873813145857246	0.
26.	0.9807852804032304	0.19509032201612825	0.
27.	0.9792228106217657	0.2027872953565125	0.
28.	0.9775999377647907	0.21047175982130567	0.
29.	0.9759167619387474	0.21814324139654256	0.
30.	0.9741733869698493	0.22580126686910368	0.
31.	0.9723699203976766	0.2334453638559054	0.
32.	0.9705064734685425	0.24107506083303865	0.
33.	0.9685831611286311	0.2486898871648548	0.
34.	0.9666001020169073	0.25628937313299666	0.
35.	0.9645574184577981	0.2638730499653729	0.
36.	0.9624552364536473	0.27144044986507426	0.
37.	0.9602936856769431	0.2789911060392293	0.
38.	0.9580728994623192	0.2865245527277983	0.
39.	0.9557930147983301	0.29404032523230395	0.
40.	0.9534541723190012	0.30153795994449567	0.
41.	0.9510565162951535	0.30901699437494745	0.
42.	0.9486001946255046	0.3164769671815861	0.
43.	0.9460853588275453	0.32391741819814934	0.
44.	0.9435121640281936	0.33133788846257095	0.
45.	0.9408807689542255	0.33873792024529137	0.
46.	0.9381913359224842	0.34611705707749296	0.
47.	0.9354440308298673	0.35347484377925714	0.
48.	0.9326390231430941	0.36081082648764173	0.
49.	0.9297764858882515	0.3681245526846779	0.
50.	0.9268565956401208	0.3754155712252831	0.
51.	0.9238795325112867	0.3826834323650898	0.
52.	0.9208454801410263	0.38992768778818826	0.
53.	0.9177546256839811	0.3971478906347806	0.
54.	0.9146071597986136	0.404343595528745	0.
55.	0.9114032766354453	0.4115143586051088	0.
56.	0.9081431738250813	0.41865973753742813	0.
57.	0.9048270524660195	0.4257792915650727	0.
58.	0.9014551171122457	0.4328725815204139	0.
59.	0.8980275757606156	0.4399391698559151	0.
60.	0.8945446398380251	0.4469786206711211	0.
61.	0.8910065241883679	0.45399049973954675	0.
62.	0.8874134470592833	0.46097437453546236	0.
63.	0.8837656300886935	0.4679298142605734	0.
64.	0.880063298291132	0.47485638987059453	0.
65.	0.8763066800438636	0.4817536741017153	0.
66.	0.8724960070727972	0.4886212414969549	0.
67.	0.8686315144381912	0.4954586684324076	0.
68.	0.8647134405201551	0.5022655331433725	0.
69.	0.8607420270039436	0.5090414157503713	0.
70.	0.8567175188650497	0.5157858982850474	0.
71.	0.8526401643540923	0.5224985647159488	0.
72.	0.8485102149815037	0.5291790009741906	0.
73.	0.8443279255020151	0.5358267949789967	0.
74.	0.8400935538989419	0.5424415366631187	0.
75.	0.8358073613682703	0.5490228179981318	0.
76.	0.8314696123025452	0.5555702330196022	0.
77.	0.8270805742745618	0.5620833778521306	0.
78.	0.8226405180208598	0.5685618507342639	0.
79.	0.8181497174250235	0.5750052520432786	0.
80.	0.813608449500787	0.5814131843198306	0.
81.	0.8090169943749475	0.5877852522924731	0.
82.	0.8043756352700845	0.5941210629020386	0.
83.	0.7996846584870906	0.6004202253258839	0.
84.	0.79494435338751	0.6066823510019996	0.
85.	0.7901550123756904	0.6129070536529764	0.
86.	0.785316930880745	0.619093949309834	0.
87.	0.7804304073383298	0.6252426563357051	0.
88.	0.7754957431722345	0.6313527954493777	0.
89.	0.7705132427757893	0.6374239897486896	0.
90.	0.7654832134930881	0.6434558647337789	0.
91.	0.7604059656000309	0.6494480483301837	0.
92.	0.7552818122851835	0.6554001709117939	0.
93.	0.7501110696304596	0.6613118653236518	0.
94.	0.744894056591622	0.6671827669045997	0.
95.	0.7396310949786098	0.6730125135097732	0.
96.	0.7343225094356856	0.6788007455329417	0.
97.	0.7289686274214116	0.6845471059286886	0.
98.	0.7235697791884493	0.6902512402344372	0.
99.	0.7181262977631889	0.6959127965923143	0.
100.	0.7126385189252054	0.7015314257708557	0.
101.	0.7071067811865475	0.7071067811865475	0.
102.	0.7015314257708557	0.7126385189252054	0.
103.	0.6959127965923143	0.7181262977631889	0.
104.	0.6902512402344372	0.7235697791884493	0.
105.	0.6845471059286886	0.7289686274214116	0.
106.	0.6788007455329417	0.7343225094356856	0.
107.	0.6730125135097732	0.7396310949786098	0.
108.	0.6671827669045997	0.744894056591622	0.
109.	0.6613118653236518	0.7501110696304596	0.
110.	0.6554001709117939	0.7552818122851835	0.
111.	0.6494480483301837	0.7604059656000309	0.
112.	0.6434558647337789	0.7654832134930881	0.
113.	0.6374239897486896	0.7705132427757893	0.
114.	0.6313527954493777	0.7754957431722345	0.
115.	0.6252426563357051	0.7804304073383298	0.
116.	0.619093949309834	0.785316930880745	0.
117.	0.6129070536529764	0.7901550123756904	0.
118.	0.6066823510019996	0.79494435338751	0.
119.	0.6004202253258839	0.7996846584870906	0.
120.	0.5941210629020386	0.8043756352700845	0.
121.	0.5877852522924731	0.8090169943749475	0.
122.	0.5814131843198306	0.813608449500787	0.
123.	0.5750052520432786	0.8181497174250235	0.
124.	0.5685618507342639	0.8226405180208598	0.
125.	0.5620833778521306	0.8270805742745618	0.
126.	0.5555702330196022	0.8314696123025452	0.
127.	0.5490228179981318	0.8358073613682703	0.
128.	0.5424415366631187	0.8400935538989419	0.
129.	0.5358267949789967	0.8443279255020151	0.
130.	0.5291790009741906	0.8485102149815037	0.
131.	0.5224985647159488	0.8526401643540923	0.
132.	0.5157858982850474	0.8567175188650497	0.
133.	0.5090414157503713	0.8607420270039436	0.
134.	0.5022655331433725	0.8647134405201551	0.
135.	0.4954586684324076	0.8686315144381912	0.
136.	0.4886212414969549	0.8724960070727972	0.
137.	0.4817536741017153	0.8763066800438636	0.
138.	0.47485638987059453	0.880063298291132	0.
139.	0.4679298142605734	0.8837656300886935	0.
140.	0.46097437453546236	0.8874134470592833	0.
141.	0.45399049973954675	0.8910065241883679	0.
142.	0.4469786206711211	0.8945446398380251	0.
143.	0.4399391698559151	0.8980275757606156	0.
144.	0.4328725815204139	0.9014551171122457	0.
145.	0.4257792915650727	0.9048270524660195	0.
146.	0.41865973753742813	0.9081431738250813	0.
147.	0.4115143586051088	0.9114032766354453	0.
148.	0.404343595528745	0.9146071597986136	0.
149.	0.3971478906347806	0.9177546256839811	0.
150.	0.38992768778818826	0.9208454801410263	0.
151.	0.3826834323650898	0.9238795325112867	0.
152.	0.3754155712252831	0.9268565956401208	0.
153.	0.3681245526846779	0.9297764858882515	0.
154.	0.36081082648764173	0.9326390231430941	0.
155.	0.35347484377925714	0.9354440308298673	0.
156.	0.34611705707749296	0.9381913359224842	0.
157.	0.33873792024529137	0.9408807689542255	0.
158.	0.33133788846257095	0.9435121640281936	0.
159.	0.32391741819814934	0.9460853588275453	0.
160.	0.3164769671815861	0.9486001946255046	0.
161.	0.30901699437494745	0.9510565162951535	0.
162.	0.30153795994449567	0.9534541723190012	0.
163.	0.29404032523230395	0.9557930147983301	0.
164.	0.2865245527277983	0.9580728994623192	0.
165.	0.2789911060392293	0.9602936856769431	0.
166.	0.27144044986507426	0.9624552364536473	0.
167.	0.2638730499653729	0.9645574184577981	0.
168.	0.25628937313299666	0.9666001020169073	0.
169.	0.2486898871648548	0.9685831611286311	0.
170.	0.24107506083303865	0.9705064734685425	0.
171.	0.2334453638559054	0.9723699203976766	0.
172.	0.22580126686910368	0.9741733869698493	0.
173.	0.21814324139654256	0.9759167619387474	0.
174.	0.21047175982130567	0.9775999377647907	0.
175.	0.2027872953565125	0.9792228106217657	0.
176.	0.19509032201612825	0.9807852804032304	0.
177.	0.1873813145857246	0.9822872507286887	0.
178.	0.17966074859319253	0.9837286289495359	0.
179.	0.17192910027940952	0.9851093261547739	0.
180.	0.16418684656886293	0.9864292571764954	0.
181.	0.15643446504023087	0.9876883405951378	0.
182.	0.14867243389692297	0.9888864987445046	0.
183.	0.14090123193758267	0.9900236577165575	0.
184.	0.13312133852655236	0.9910997473659748	0.
185.	0.12533323356430426	0.9921147013144779	0.
186.	0.11753739745783764	0.9930684569549263	0.
187.	0.10973431109104528	0.9939609554551797	0.
188.	0.10192445579505004	0.9947921417617265	0.
189.	0.09410831331851431	0.99556196460308	0.
190.	0.08628636579792337	0.9962703764929413	0.
191.	0.07845909572784494	0.996917333733128	0.
192.	0.07062698593116667	0.99750279641627	0.
193.	0.06279051952931337	0.9980267284282716	0.
194.	0.05495017991244575	0.9984890974505379	0.
195.	0.04710645070964266	0.99888987496197	0.
196.	0.03925981575906861	0.9992290362407229	0.
197.	0.03141075907812829	0.9995065603657316	0.
198.	0.02355976483361015	0.9997224302180006	0.
199.	0.015707317311820675	0.9998766324816606	0.
200.	0.007853900888711334	0.9999691576447897	0.
201.	0.	1.	0.
202.	-0.007853900888711334	0.9999691576447897	0.
203.	-0.015707317311820675	0.9998766324816606	0.
204.	-0.02355976483361015	0.9997224302180006	0.
205.	-0.03141075907812829	0.9995065603657316	0.
206.	-0.03925981575906861	0.9992290362407229	0.
207.	-0.04710645070964266	0.99888987496197	0.
208.	-0.05495017991244575	0.9984890974505379	0.
209.	-0.06279051952931337	0.9980267284282716	0.
210.	-0.07062698593116667	0.99750279641627	0.
211.	-0.07845909572784494	0.996917333733128	0.
212.	-0.08628636579792337	0.9962703764929413	0.
213.	-0.09410831331851431	0.99556196460308	0.
214.	-0.10192445579505004	0.9947921417617265	0.
215.	-0.10973431109104528	0.9939609554551797	0.
216.	-0.11753739745783764	0.9930684569549263	0.
217.	-0.12533323356430426	0.9921147013144779	0.
218.	-0.13312133852655236	0.9910997473659748	0.
219.	-0.14090123193758267	0.9900236577165575	0.
220.	-0.14867243389692297	0.9888864987445046	0.
221.	-0.15643446504023087	0.9876883405951378	0.
222.	-0.16418684656886293	0.9864292571764954	0.
223.	-0.17192910027940952	0.9851093261547739	0.
224.	-0.17966074859319253	0.9837286289495359	0.
225.	-0.1873813145857246	0.9822872507286887	0.
226.	-0.19509032201612825	0.9807852804032304	0.
227.	-0.2027872953565125	0.9792228106217657	0.
228.	-0.21047175982130567	0.9775999377647907	0.
229.	-0.21814324139654256	0.9759167619387474	0.
230.	-0.22580126686910368	0.9741733869698493	0.
231.	-0.2334453638559054	0.9723699203976766	0.
232.	-0.24107506083303865	0.9705064734685425	0.
233.	-0.2486898871648548	0.9685831611286311	0.
234.	-0.25628937313299666	0.9666001020169073	0.
235.	-0.2638730499653729	0.9645574184577981	0.
236.	-0.27144044986507426	0.9624552364536473	0.
237.	-0.2789911060392293	0.9602936856769431	0.
238.	-0.2865245527277983	0.9580728994623192	0.
239.	-0.29404032523230395	0.9557930147983301	0.
240.	-0.30153795994449567	0.9534541723190012	0.
241.	-0.30901699437494745	0.9510565162951535	0.
242.	-0.3164769671815861	0.9486001946255046	0.
243.	-0.32391741819814934	0.9460853588275453	0.
244.	-0.33133788846257095	0.9435121640281936	0.
245.	-0.33873792024529137	0.9408807689542255	0.
246.	-0.34611705707749296	0.9381913359224842	0.
247.	-0.35347484377925714	0.9354440308298673	0.
248.	-0.36081082648764173	0.9326390231430941	0.
249.	-0.3681245526846779	0.9297764858882515	0.
250.	-0.3754155712252831	0.9268565956401208	0.
251.	-0.3826834323650898	0.9238795325112867	0.
252.	-0.38992768778818826	0.9208454801410263	0.
253.	-0.3971478906347806	0.9177546256839811	0.
254.	-0.404343595528745	0.9146071597986136	0.
255.	-0.4115143586051088	0.9114032766354453	0.
256.	-0.41865973753742813	0.9081431738250813	0.
257.	-0.4257792915650727	0.9048270524660195	0.
258.	-0.4328725815204139	0.9014551171122457	0.
259.	-0.4399391698559151	0.8980275757606156	0.
260.	-0.4469786206711211	0.8945446398380251	0.
261.	-0.45399049973954675	0.8910065241883679	0.
262.	-0.46097437453546236	0.8874134470592833	0.
263.	-0.4679298142605734	0.8837656300886935	0.
264.	-0.47485638987059453	0.880063298291132	0.
265.	-0.4817536741017153	0.8763066800438636	0.
266.	-0.4886212414969549	0.8724960070727972	0.
267.	-0.4954586684324076	0.8686315144381912	0.
268.	-0.5022655331433725	0.8647134405201551	0.
269.	-0.5090414157503713	0.8607420270039436	0.
270.	-0.5157858982850474	0.8567175188650497	0.
271.	-0.5224985647159488	0.8526401643540923	0.
272.	-0.5291790009741906	0.8485102149815037	0.
273.	-0.5358267949789967	0.8443279255020151	0.
274.	-0.5424415366631187	0.8400935538989419	0.
275.	-0.5490228179981318	0.8358073613682703	0.
276.	-0.5555702330196022	0.8314696123025452	0.
277.	-0.5620833778521306	0.8270805742745618	0.
278.	-0.5685618507342639	0.8226405180208598	0.
279.	-0.5750052520432786	0.8181497174250235	0.
280.	-0.5814131843198306	0.813608449500787	0.
281.	-0.5877852522924731	0.8090169943749475	0.
282.	-0.5941210629020386	0.8043756352700845	0.
283.	-0.6004202253258839	0.7996846584870906	0.
284.	-0.6066823510019996	0.79494435338751	0.
285.	-0.6129070536529764	0.7901550123756904	0.
286.	-0.619093949309834	0.785316930880745	0.
287.	-0.6252426563357051	0.7804304073383298	0.
288.	-0.6313527954493777	0.7754957431722345	0.
289.	-0.6374239897486896	0.7705132427757893	0.
290.	-0.6434558647337789	0.7654832134930881	0.
291.	-0.6494480483301837	0.7604059656000309	0.
292.	-0.6554001709117939	0.7552818122851835	0.
293.	-0.6613118653236518	0.7501110696304596	0.
294.	-0.6671827669045997	0.744894056591622	0.
295.	-0.6730125135097732	0.7396310949786098	0.
296.	-0.6788007455329417	0.7343225094356856	0.
297.	-0.6845471059286886	0.7289686274214116	0.
298.	-0.6902512402344372	0.7235697791884493	0.
299.	-0.6959127965923143	0.7181262977631889	0.
300.	-0.7015314257708557	0.7126385189252054	0.
301.	-0.7071067811865475	0.7071067811865475	0.
302.	-0.7126385189252054	0.7015314257708557	0.
303.	-0.7181262977631889	0.6959127965923143	0.
304.	-0.7235697791884493	0.6902512402344372	0.
305.	-0.7289686274214116	0.6845471059286886	0.
306.	-0.7343225094356856	0.6788007455329417	0.
307.	-0.7396310949786098	0.6730125135097732	0.
308.	-0.744894056591622	0.6671827669045997	0.
309.	-0.7501110696304596	0.6613118653236518	0.
310.	-0.7552818122851835	0.6554001709117939	0.
311.	-0.7604059656000309	0.6494480483301837	0.
312.	-0.7654832134930881	0.6434558647337789	0.
313.	-0.7705132427757893	0.6374239897486896	0.
314.	-0.7754957431722345	0.6313527954493777	0.
315.	-0.7804304073383298	0.6252426563357051	0.
316.	-0.785316930880745	0.619093949309834	0.
317.	-0.7901550123756904	0.6129070536529764	0.
318.	-0.79494435338751	0.6066823510019996	0.
319.	-0.7996846584870906	0.6004202253258839	0.
320.	-0.8043756352700845	0.5941210629020386	0.
321.	-0.8090169943749475	0.5877852522924731	0.
322.	-0.813608449500787	0.5814131843198306	0.
323.	-0.8181497174250235	0.5750052520432786	0.
324.	-0.8226405180208598	0.5685618507342639	0.
325.	-0.8270805742745618	0.5620833778521306	0.
326.	-0.8314696123025452	0.5555702330196022	0.
327.	-0.8358073613682703	0.5490228179981318	0.
328.	-0.8400935538989419	0.5424415366631187	0.
329.	-0.8443279255020151	0.5358267949789967	0.
330.	-0.8485102149815037	0.5291790009741906	0.
331.	-0.8526401643540923	0.5224985647159488	0.
332.	-0.8567175188650497	0.5157858982850474	0.
333.	-0.8607420270039436	0.5090414157503713	0.
334.	-0.8647134405201551	0.5022655331433725	0.
335.	-0.8686315144381912	0.4954586684324076	0.
336.	-0.8724960070727972	0.4886212414969549	0.
337.	-0.8763066800438636	0.4817536741017153	0.
338.	-0.880063298291132	0.47485638987059453	0.
339.	-0.8837656300886935	0.4679298142605734	0.
340.	-0.8874134470592833	0.46097437453546236	0.
341.	-0.8910065241883679	0.45399049973954675	0.
342.	-0.8945446398380251	0.4469786206711211	0.
343.	-0.8980275757606156	0.4399391698559151	0.
344.	-0.9014551171122457	0.4328725815204139	0.
345.	-0.9048270524660195	0.4257792915650727	0.
346.	-0.9081431738250813	0.41865973753742813	0.
347.	-0.9114032766354453	0.4115143586051088	0.
348.	-0.9146071597986136	0.404343595528745	0.
349.	-0.9177546256839811	0.3971478906347806	0.
350.	-0.9208454801410263	0.38992768778818826	0.
351.	-0.9238795325112867	0.3826834323650898	0.
352.	-0.9268565956401208	0.3754155712252831	0.
353.	-0.9297764858882515	0.3681245526846779	0.
354.	-0.9326390231430941	0.36081082648764173	0.
355.	-0.9354440308298673	0.35347484377925714	0.
356.	-0.9381913359224842	0.34611705707749296	0.
357.	-0.9408807689542255	0.33873792024529137	0.
358.	-0.9435121640281936	0.33133788846257095	0.
359.	-0.9460853588275453	0.32391741819814934	0.
360.	-0.9486001946255046	0.3164769671815861	0.
361.	-0.9510565162951535	0.30901699437494745	0.
362.	-0.9534541723190012	0.30153795994449567	0.
363.	-0.9557930147983301	0.29404032523230395	0.
364.	-0.9580728994623192	0.2865245527277983	0.
365.	-0.9602936856769431	0.2789911060392293	0.
366.	-0.9624552364536473	0.27144044986507426	0.
367.	-0.9645574184577981	0.2638730499653729	0.
368.	-0.9666001020169073	0.25628937313299666	0.
369.	-0.9685831611286311	0.2486898871648548	0.
370.	-0.9705064734685425	0.24107506083303865	0.
371.	-0.9723699203976766	0.2334453638559054	0.
372.	-0.9741733869698493	0.22580126686910368	0.
373.	-0.9759167619387474	0.21814324139654256	0.
374.	-0.9775999377647907	0.21047175982130567	0.
375.	-0.9792228106217657	0.2027872953565125	0.
376.	-0.9807852804032304	0.19509032201612825	0.
377.	-0.9822872507286887	0.1873813145857246	0.
378.	-0.9837286289495359	0.17966074859319253	0.
379.	-0.9851093261547739	0.17192910027940952	0.
380.	-0.9864292571764954	0.16418684656886293	0.
381.	-0.9876883405951378	0.15643446504023087	0.
382.	-0.9888864987445046	0.14867243389692297	0.
383.	-0.9900236577165575	0.14090123193758267	0.
384.	-0.9910997473659748	0.13312133852655236	0.
385.	-0.9921147013144779	0.12533323356430426	0.
386.	-0.9930684569549263	0.11753739745783764	0.
387.	-0.9939609554551797	0.10973431109104528	0.
388.	-0.9947921417617265	0.10192445579505004	0.
389.	-0.99556196460308	0.09410831331851431	0.
390.	-0.9962703764929413	0.08628636579792337	0.
391.	-0.996917333733128	0.07845909572784494	0.
392.	-0.99750279641627	0.07062698593116667	0.
393.	-0.9980267284282716	0.06279051952931337	0.
394.	-0.9984890974505379	0.05495017991244575	0.
395.	-0.99888987496197	0.04710645070964266	0.
396.	-0.9992290362407229	0.03925981575906861	0.
397.	-0.9995065603657316	0.03141075907812829	0.
398.	-0.9997224302180006	0.02355976483361015	0.
399.	-0.9998766324816606	0.015707317311820675	0.
400.	-0.9999691576447897	0.007853900888711334	0.
401.	-1.	0.	0.
402.	-0.9999691576447897	-0.007853900888711334	0.
403.	-0.9998766324816606	-0.015707317311820675	0.
404.	-0.9997224302180006	-0.02355976483361015	0.
405.	-0.9995065603657316	-0.03141075907812829	0.
406.	-0.9992290362407229	-0.03925981575906861	0.
407.	-0.99888987496197	-0.04710645070964266	0.
408.	-0.9984890974505379	-0.05495017991244575	0.
409.	-0.9980267284282716	-0.06279051952931337	0.
410.	-0.99750279641627	-0.07062698593116667	0.
411.	-0.996917333733128	-0.07845909572784494	0.
412.	-0.9962703764929413	-0.08628636579792337	0.
413.	-0.99556196460308	-0.09410831331851431	0.
414.	-0.9947921417617265	-0.10192445579505004	0.
415.	-0.9939609554551797	-0.10973431109104528	0.
416.	-0.9930684569549263	-0.11753739745783764	0.
417.	-0.9921147013144779	-0.12533323356430426	0.
418.	-0.9910997473659748	-0.13312133852655236	0.
419.	-0.9900236577165575	-0.14090123193758267	0.
420.	-0.9888864987445046	-0.14867243389692297	0.
421.	-0.9876883405951378	-0.15643446504023087	0.
422.	-0.9864292571764954	-0.16418684656886293	0.
423.	-0.9851093261547739	-0.17192910027940952	0.
424.	-0.9837286289495359	-0.17966074859319253	0.
425.	-0.9822872507286887	-0.1873813145857246	0.
426.	-0.9807852804032304	-0.19509032201612825	0.
427.	-0.9792228106217657	-0.2027872953565125	0.
428.	-0.9775999377647907	-0.21047175982130567	0.
429.	-0.9759167619387474	-0.21814324139654256	0.
430.	-0.9741733869698493	-0.22580126686910368	0.
431.	-0.9723699203976766	-0.2334453638559054	0.
432.	-0.9705064734685425	-0.24107506083303865	0.
433.	-0.9685831611286311	-0.2486898871648548	0.
434.	-0.9666001020169073	-0.25628937313299666	0.
435.	-0.9645574184577981	-0.2638730499653729	0.
436.	-0.9624552364536473	-0.27144044986507426	0.
437.	-0.9602936856769431	-0.2789911060392293	0.
438.	-0.9580728994623192	-0.2865245527277983	0.
439.	-0.9557930147983301	-0.29404032523230395	0.
440.	-0.9534541723190012	-0.30153795994449567	0.
441.	-0.9510565162951535	-0.30901699437494745	0.
442.	-0.9486001946255046	-0.3164769671815861	0.
443.	-0.9460853588275453	-0.32391741819814934	0.
444.	-0.9435121640281936	-0.33133788846257095	0.
445.	-0.9408807689542255	-0.33873792024529137	0.
446.	-0.9381913359224842	-0.34611705707749296	0.
447.	-0.9354440308298673	-0.35347484377925714	0.
448.	-0.9326390231430941	-0.36081082648764173	0.
449.	-0.9297764858882515	-0.3681245526846779	0.
450.	-0.9268565956401208	-0.3754155712252831	0.
451.	-0.9238795325112867	-0.3826834323650898	0.
452.	-0.9208454801410263	-0.38992768778818826	0.
453.	-0.9177546256839811	-0.3971478906347806	0.
454.	-0.9146071597986136	-0.404343595528745	0.
455.	-0.9114032766354453	-0.4115143586051088	0.
456.	-0.9081431738250813	-0.41865973753742813	0.
457.	-0.9048270524660195	-0.4257792915650727	0.
458.	-0.9014551171122457	-0.4328725815204139	0.
459.	-0.8980275757606156	-0.4399391698559151	0.
460.	-0.8945446398380251	-0.4469786206711211	0.
461.	-0.8910065241883679	-0.45399049973954675	0.
462.	-0.8874134470592833	-0.46097437453546236	0.
463.	-0.8837656300886935	-0.4679298142605734	0.
464.	-0.880063298291132	-0.47485638987059453	0.
465.	-0.8763066800438636	-0.4817536741017153	0.
466.	-0.8724960070727972	-0.4886212414969549	0.
467.	-0.8686315144381912	-0.4954586684324076	0.
468.	-0.8647134405201551	-0.5022655331433725	0.
469.	-0.8607420270039436	-0.5090414157503713	0.
470.	-0.8567175188650497	-0.5157858982850474	0.
471.	-0.8526401643540923	-0.5224985647159488	0.
472.	-0.8485102149815037	-0.5291790009741906	0.
473.	-0.8443279255020151	-0.5358267949789967	0.
474.	-0.8400935538989419	-0.5424415366631187	0.
475.	-0.8358073613682703	-0.5490228179981318	0.
476.	-0.8314696123025452	-0.5555702330196022	0.
477.	-0.8270805742745618	-0.5620833778521306	0.
478.	-0.8226405180208598	-0.5685618507342639	0.
479.	-0.8181497174250235	-0.5750052520432786	0.
480.	-0.813608449500787	-0.5814131843198306	0.
481.	-0.8090169943749475	-0.5877852522924731	0.
482.	-0.8043756352700845	-0.5941210629020386	0.
483.	-0.7996846584870906	-0.6004202253258839	0.
484.	-0.79494435338751	-0.6066823510019996	0.
485.	-0.7901550123756904	-0.6129070536529764	0.
486.	-0.785316930880745	-0.619093949309834	0.
487.	-0.7804304073383298	-0.6252426563357051	0.
488.	-0.7754957431722345	-0.6313527954493777	0.
489.	-0.7705132427757893	-0.6374239897486896	0.
490.	-0.7654832134930881	-0.6434558647337789	0.
491.	-0.7604059656000309	-0.6494480483301837	0.
492.	-0.7552818122851835	-0.6554001709117939	0.
493.	-0.7501110696304596	-0.6613118653236518	0.
494.	-0.744894056591622	-0.6671827669045997	0.
495.	-0.7396310949786098	-0.6730125135097732	0.
496.	-0.7343225094356856	-0.6788007455329417	0.
497.	-0.7289686274214116	-0.6845471059286886	0.
498.	-0.7235697791884493	-0.6902512402344372	0.
499.	-0.7181262977631889	-0.6959127965923143	0.
500.	-0.7126385189252054	-0.7015314257708557	0.
501.	-0.7071067811865475	-0.7071067811865475	0.
502.	-0.7015314257708557	-0.7126385189252054	0.
503.	-0.6959127965923143	-0.7181262977631889	0.
504.	-0.6902512402344372	-0.7235697791884493	0.
505.	-0.6845471059286886	-0.7289686274214116	0.
506.	-0.6788007455329417	-0.7343225094356856	0.
507.	-0.6730125135097732	-0.7396310949786098	0.
508.	-0.6671827669045997	-0.744894056591622	0.
509.	-0.6613118653236518	-0.7501110696304596	0.
510.	-0.6554001709117939	-0.7552818122851835	0.
511.	-0.6494480483301837	-0.7604059656000309	0.
512.	-0.6434558647337789	-0.7654832134930881	0.
513.	-0.6374239897486896	-0.7705132427757893	0.
514.	-0.6313527954493777	-0.7754957431722345	0.
515.	-0.6252426563357051	-0.7804304073383298	0.
516.	-0.619093949309834	-0.785316930880745	0.
517.	-0.6129070536529764	-0.7901550123756904	0.
518.	-0.6066823510019996	-0.79494435338751	0.
519.	-0.6004202253258839	-0.7996846584870906	0.
520.	-0.5941210629020386	-0.8043756352700845	0.
521.	-0.5877852522924731	-0.8090169943749475	0.
522.	-0.5814131843198306	-0.813608449500787	0.
523.	-0.5750052520432786	-0.8181497174250235	0.
524.	-0.5685618507342639	-0.8226405180208598	0.
525.	-0.5620833778521306	-0.8270805742745618	0.
526.	-0.5555702330196022	-0.8314696123025452	0.
527.	-0.5490228179981318	-0.8358073613682703	0.
528.	-0.5424415366631187	-0.8400935538989419	0.
529.	-0.5358267949789967	-0.8443279255020151	0.
530.	-0.5291790009741906	-0.8485102149815037	0.
531.	-0.5224985647159488	-0.8526401643540923	0.
532.	-0.5157858982850474	-0.8567175188650497	0.
533.	-0.5090414157503713	-0.8607420270039436	0.
534.	-0.5022655331433725	-0.8647134405201551	0.
535.	-0.4954586684324076	-0.8686315144381912	0.
536.	-0.4886212414969549	-0.8724960070727972	0.
537.	-0.4817536741017153	-0.8763066800438636	0.
538.	-0.47485638987059453	-0.880063298291132	0.
539.	-0.4679298142605734	-0.8837656300886935	0.
540.	-0.46097437453546236	-0.8874134470592833	0.
541.	-0.45399049973954675	-0.8910065241883679	0.
542.	-0.4469786206711211	-0.8945446398380251	0.
543.	-0.4399391698559151	-0.8980275757606156	0.
544.	-0.4328725815204139	-0.9014551171122457	0.
545.	-0.4257792915650727	-0.9048270524660195	0.
546.	-0.41865973753742813	-0.9081431738250813	0.
547.	-0.4115143586051088	-0.9114032766354453	0.
548.	-0.404343595528745	-0.9146071597986136	0.
549.	-0.3971478906347806	-0.9177546256839811	0.
550.	-0.38992768778818826	-0.9208454801410263	0.
551.	-0.3826834323650898	-0.9238795325112867	0.
552.	-0.3754155712252831	-0.9268565956401208	0.
553.	-0.3681245526846779	-0.9297764858882515	0.
554.	-0.36081082648764173	-0.9326390231430941	0.
555.	-0.35347484377925714	-0.9354440308298673	0.
556.	-0.34611705707749296	-0.9381913359224842	0.
557.	-0.33873792024529137	-0.9408807689542255	0.
558.	-0.33133788846257095	-0.9435121640281936	0.
559.	-0.32391741819814934	-0.9460853588275453	0.
560.	-0.3164769671815861	-0.9486001946255046	0.
561.	-0.30901699437494745	-0.9510565162951535	0.
562.	-0.30153795994449567	-0.9534541723190012	0.
563.	-0.29404032523230395	-0.9557930147983301	0.
564.	-0.2865245527277983	-0.9580728994623192	0.
565.	-0.2789911060392293	-0.9602936856769431	0.
566.	-0.27144044986507426	-0.9624552364536473	0.
567.	-0.2638730499653729	-0.9645574184577981	0.
568.	-0.25628937313299666	-0.9666001020169073	0.
569.	-0.2486898871648548	-0.9685831611286311	0.
570.	-0.24107506083303865	-0.9705064734685425	0.
571.	-0.2334453638559054	-0.9723699203976766	0.
572.	-0.22580126686910368	-0.9741733869698493	0.
573.	-0.21814324139654256	-0.9759167619387474	0.
574.	-0.21047175982130567	-0.9775999377647907	0.
575.	-0.2027872953565125	-0.9792228106217657	0.
576.	-0.19509032201612825	-0.9807852804032304	0.
577.	-0.1873813145857246	-0.9822872507286887	0.
578.	-0.17966074859319253	-0.9837286289495359	0.
579.	-0.17192910027940952	-0.9851093261547739	0.
580.	-0.16418684656886293	-0.9864292571764954	0.
581.	-0.15643446504023087	-0.9876883405951378	0.
582.	-0.14867243389692297	-0.9888864987445046	0.
583.	-0.14090123193758267	-0.9900236577165575	0.
584.	-0.13312133852655236	-0.9910997473659748	0.
585.	-0.12533323356430426	-0.9921147013144779	0.
586.	-0.11753739745783764	-0.9930684569549263	0.
587.	-0.10973431109104528	-0.9939609554551797	0.
588.	-0.10192445579505004	-0.9947921417617265	0.
589.	-0.09410831331851431	-0.99556196460308	0.
590.	-0.08628636579792337	-0.9962703764929413	0.
591.	-0.07845909572784494	-0.996917333733128	0.
592.	-0.07062698593116667	-0.99750279641627	0.
593.	-0.06279051952931337	-0.9980267284282716	0.
594.	-0.05495017991244575	-0.9984890974505379	0.
595.	-0.04710645070964266	-0.99888987496197	0.
596.	-0.03925981575906861	-0.9992290362407229	0.
597.	-0.03141075907812829	-0.9995065603657316	0.
598.	-0.02355976483361015	-0.9997224302180006	0.
599.	-0.015707317311820675	-0.9998766324816606	0.
600.	-0.007853900888711334	-0.9999691576447897	0.
601.	0.	-1.	0.
602.	0.007853900888711334	-0.9999691576447897	0.
603.	0.015707317311820675	-0.9998766324816606	0.
604.	0.02355976483361015	-0.9997224302180006	0.
605.	0.03141075907812829	-0.9995065603657316	0.
606.	0.03925981575906861	-0.9992290362407229	0.
607.	0.04710645070964266	-0.99888987496197	0.
608.	0.05495017991244575	-0.9984890974505379	0.
609.	0.06279051952931337	-0.9980267284282716	0.
610.	0.07062698593116667	-0.99750279641627	0.
611.	0.07845909572784494	-0.996917333733128	0.
612.	0.08628636579792337	-0.9962703764929413	0.
613.	0.09410831331851431	-0.99556196460308	0.
614.	0.10192445579505004	-0.9947921417617265	0.
615.	0.10973431109104528	-0.9939609554551797	0.
616.	0.11753739745783764	-0.9930684569549263	0.
617.	0.12533323356430426	-0.9921147013144779	0.
618.	0.13312133852655236	-0.9910997473659748	0.
619.	0.14090123193758267	-0.9900236577165575	0.
620.	0.14867243389692297	-0.9888864987445046	0.
621.	0.15643446504023087	-0.9876883405951378	0.
622.	0.16418684656886293	-0.9864292571764954	0.
623.	0.17192910027940952	-0.9851093261547739	0.
624.	0.17966074859319253	-0.9837286289495359	0.
625.	0.1873813145857246	-0.9822872507286887	0.
626.	0.19509032201612825	-0.9807852804032304	0.
627.	0.2027872953565125	-0.9792228106217657	0.
628.	0.21047175982130567	-0.9775999377647907	0.
629.	0.21814324139654256	-0.9759167619387474	0.
630.	0.22580126686910368	-0.9741733869698493	0.
631.	0.2334453638559054	-0.9723699203976766	0.
632.	0.24107506083303865	-0.9705064734685425	0.
633.	0.2486898871648548	-0.9685831611286311	0.
634.	0.25628937313299666	-0.9666001020169073	0.
635.	0.2638730499653729	-0.9645574184577981	0.
636.	0.27144044986507426	-0.9624552364536473	0.
637.	0.2789911060392293	-0.9602936856769431	0.
638.	0.2865245527277983	-0.9580728994623192	0.
639.	0.29404032523230395	-0.9557930147983301	0.
640.	0.30153795994449567	-0.9534541723190012	0.
641.	0.30901699437494745	-0.9510565162951535	0.
642.	0.3164769671815861	-0.9486001946255046	0.
643.	0.32391741819814934	-0.9460853588275453	0.
644.	0.33133788846257095	-0.9435121640281936	0.
645.	0.33873792024529137	-0.9408807689542255	0.
646.	0.34611705707749296	-0.9381913359224842	0.
647.	0.35347484377925714	-0.9354440308298673	0.
648.	0.36081082648764173	-0.9326390231430941	0.
649.	0.3681245526846779	-0.9297764858882515	0.
650.	0.3754155712252831	-0.9268565956401208	0.
651.	0.3826834323650898	-0.9238795325112867	0.
652.	0.38992768778818826	-0.9208454801410263	0.
653.	0.3971478906347806	-0.9177546256839811	0.
654.	0.404343595528745	-0.9146071597986136	0.
655.	0.4115143586051088	-0.9114032766354453	0.
656.	0.41865973753742813	-0.9081431738250813	0.
657.	0.4257792915650727	-0.9048270524660195	0.
658.	0.4328725815204139	-0.9014551171122457	0.
659.	0.4399391698559151	-0.8980275757606156	0.
660.	0.4469786206711211	-0.8945446398380251	0.
661.	0.45399049973954675	-0.8910065241883679	0.
662.	0.46097437453546236	-0.8874134470592833	0.
663.	0.4679298142605734	-0.8837656300886935	0.
664.	0.47485638987059453	-0.880063298291132	0.
665.	0.4817536741017153	-0.8763066800438636	0.
666.	0.4886212414969549	-0.8724960070727972	0.
667.	0.4954586684324076	-0.8686315144381912	0.
668.	0.5022655331433725	-0.8647134405201551	0.
669.	0.5090414157503713	-0.8607420270039436	0.
670.	0.5157858982850474	-0.8567175188650497	0.
671.	0.5224985647159488	-0.8526401643540923	0.
672.	0.5291790009741906	-0.8485102149815037	0.
673.	0.5358267949789967	-0.8443279255020151	0.
674.	0.5424415366631187	-0.8400935538989419	0.
675.	0.5490228179981318	-0.8358073613682703	0.
676.	0.5555702330196022	-0.8314696123025452	0.
677.	0.5620833778521306	-0.8270805742745618	0.
678.	0.5685618507342639	-0.8226405180208598	0.
679.	0.5750052520432786	-0.8181497174250235	0.
680.	0.5814131843198306	-0.813608449500787	0.
681.	0.5877852522924731	-0.8090169943749475	0.
682.	0.5941210629020386	-0.8043756352700845	0.
683.	0.6004202253258839	-0.7996846584870906	0.
684.	0.6066823510019996	-0.79494435338751	0.
685.	0.6129070536529764	-0.7901550123756904	0.
686.	0.619093949309834	-0.785316930880745	0.
687.	0.6252426563357051	-0.7804304073383298	0.
688.	0.6313527954493777	-0.7754957431722345	0.
689.	0.6374239897486896	-0.7705132427757893	0.
690.	0.6434558647337789	-0.7654832134930881	0.
691.	0.6494480483301837	-0.7604059656000309	0.
692.	0.6554001709117939	-0.7552818122851835	0.
693.	0.6613118653236518	-0.7501110696304596	0.
694.	0.6671827669045997	-0.744894056591622	0.
695.	0.6730125135097732	-0.7396310949786098	0.
696.	0.6788007455329417	-0.7343225094356856	0.
697.	0.6845471059286886	-0.7289686274214116	0.
698.	0.6902512402344372	-0.7235697791884493	0.
699.	0.6959127965923143	-0.7181262977631889	0.
700.	0.7015314257708557	-0.7126385189252054	0.
701.	0.7071067811865475	-0.7071067811865475	0.
702.	0.7126385189252054	-0.7015314257708557	0.
703.	0.7181262977631889	-0.6959127965923143	0.
704.	0.7235697791884493	-0.6902512402344372	0.
705.	0.7289686274214116	-0.6845471059286886	0.
706.	0.7343225094356856	-0.6788007455329417	0.
707.	0.7396310949786098	-0.6730125135097732	0.
708.	0.744894056591622	-0.6671827669045997	0.
709.	0.7501110696304596	-0.6613118653236518	0.
710.	0.7552818122851835	-0.6554001709117939	0.
711.	0.7604059656000309	-0.6494480483301837	0.
712.	0.7654832134930881	-0.6434558647337789	0.
713.	0.7705132427757893	-0.6374239897486896	0.
714.	0.7754957431722345	-0.6313527954493777	0.
715.	0.7804304073383298	-0.6252426563357051	0.
716.	0.785316930880745	-0.619093949309834	0.
717.	0.7901550123756904	-0.6129070536529764	0.
718.	0.79494435338751	-0.6066823510019996	0.
719.	0.7996846584870906	-0.6004202253258839	0.
720.	0.8043756352700845	-0.5941210629020386	0.
721.	0.8090169943749475	-0.5877852522924731	0.
722.	0.813608449500787	-0.5814131843198306	0.
723.	0.8181497174250235	-0.5750052520432786	0.
724.	0.8226405180208598	-0.5685618507342639	0.
725.	0.8270805742745618	-0.5620833778521306	0.
726.	0.8314696123025452	-0.5555702330196022	0.
727.	0.8358073613682703	-0.5490228179981318	0.
728.	0.8400935538989419	-0.5424415366631187	0.
729.	0.8443279255020151	-0.5358267949789967	0.
730.	0.8485102149815037	-0.5291790009741906	0.
731.	0.8526401643540923	-0.5224985647159488	0.
732.	0.8567175188650497	-0.5157858982850474	0.
733.	0.8607420270039436	-0.5090414157503713	0.
734.	0.8647134405201551	-0.5022655331433725	0.
735.	0.8686315144381912	-0.4954586684324076	0.
736.	0.8724960070727972	-0.4886212414969549	0.
737.	0.8763066800438636	-0.4817536741017153	0.
738.	0.880063298291132	-0.47485638987059453	0.
739.	0.8837656300886935	-0.4679298142605734	0.
740.	0.8874134470592833	-0.46097437453546236	0.
741.	0.8910065241883679	-0.45399049973954675	0.
742.	0.8945446398380251	-0.4469786206711211	0.
743.	0.8980275757606156	-0.4399391698559151	0.
744.	0.9014551171122457	-0.4328725815204139	0.
745.	0.9048270524660195	-0.4257792915650727	0.
746.	0.9081431738250813	-0.41865973753742813	0.
747.	0.9114032766354453	-0.4115143586051088	0.
748.	0.9146071597986136	-0.404343595528745	0.
749.	0.9177546256839811	-0.3971478906347806	0.
750.	0.9208454801410263	-0.38992768778818826	0.
751.	0.9238795325112867	-0.3826834323650898	0.
752.	0.9268565956401208	-0.3754155712252831	0.
753.	0.9297764858882515	-0.3681245526846779	0.
754.	0.9326390231430941	-0.36081082648764173	0.
755.	0.9354440308298673	-0.35347484377925714	0.
756.	0.9381913359224842	-0.34611705707749296	0.
757.	0.9408807689542255	-0.33873792024529137	0.
758.	0.9435121640281936	-0.33133788846257095	0.
759.	0.9460853588275453	-0.32391741819814934	0.
760.	0.9486001946255046	-0.3164769671815861	0.
761.	0.9510565162951535	-0.30901699437494745	0.
762.	0.9534541723190012	-0.30153795994449567	0.
763.	0.9557930147983301	-0.29404032523230395	0.
764.	0.9580728994623192	-0.2865245527277983	0.
765.	0.9602936856769431	-0.2789911060392293	0.
766.	0.9624552364536473	-0.27144044986507426	0.
767.	0.9645574184577981	-0.2638730499653729	0.
768.	0.9666001020169073	-0.25628937313299666	0.
769.	0.9685831611286311	-0.2486898871648548	0.
770.	0.9705064734685425	-0.24107506083303865	0.
771.	0.9723699203976766	-0.2334453638559054	0.
772.	0.9741733869698493	-0.22580126686910368	0.
773.	0.9759167619387474	-0.21814324139654256	0.
774.	0.9775999377647907	-0.21047175982130567	0.
775.	0.9792228106217657	-0.2027872953565125	0.
776.	0.9807852804032304	-0.19509032201612825	0.
777.	0.9822872507286887	-0.1873813145857246	0.
778.	0.9837286289495359	-0.17966074859319253	0.
779.	0.9851093261547739	-0.17192910027940952	0.
780.	0.9864292571764954	-0.16418684656886293	0.
781.	0.9876883405951378	-0.15643446504023087	0.
782.	0.9888864987445046	-0.14867243389692297	0.
783.	0.9900236577165575	-0.14090123193758267	0.
784.	0.9910997473659748	-0.13312133852655236	0.
785.	0.9921147013144779	-0.12533323356430426	0.
786.	0.9930684569549263	-0.11753739745783764	0.
787.	0.9939609554551797	-0.10973431109104528	0.
788.	0.9947921417617265	-0.10192445579505004	0.
789.	0.99556196460308	-0.09410831331851431	0.
790.	0.9962703764929413	-0.08628636579792337	0.
791.	0.996917333733128	-0.07845909572784494	0.
792.	0.99750279641627	-0.07062698593116667	0.
793.	0.9980267284282716	-0.06279051952931337	0.
794.	0.9984890974505379	-0.05495017991244575	0.
795.	0.99888987496197	-0.04710645070964266	0.
796.	0.9992290362407229	-0.03925981575906861	0.
797.	0.9995065603657316	-0.03141075907812829	0.
798.	0.9997224302180006	-0.02355976483361015	0.
799.	0.9998766324816606	-0.015707317311820675	0.
800.	0.9999691576447897	-0.007853900888711334	0.
1	102	1	2
2	102	2	3
3	102	3	4
4	102	4	5
5	102	5	6
6	102	6	7
7	102	7	8
8	102	8	9
9	102	9	10
10	102	10	11
11	102	11	12
12	102	12	13
13	102	13	14
14	102	14	15
15	102	15	16
16	102	16	17
17	102	17	18
18	102	18	19
19	102	19	20
20	102	20	21
21	102	21	22
22	102	22	23
23	102	23	24
24	102	24	25
25	102	25	26
26	102	26	27
27	102	27	28
28	102	28	29
29	102	29	30
30	102	30	31
31	102	31	32
32	102	32	33
33	102	33	34
34	102	34	35
35	102	35	36
36	102	36	37
37	102	37	38
38	102	38	39
39	102	39	40
40	102	40	41
41	102	41	42
42	102	42	43
43	102	43	44
44	102	44	45
45	102	45	46
46	102	46	47
47	102	47	48
48	102	48	49
49	102	49	50
50	102	50	51
51	102	51	52
52	102	52	53
53	102	53	54
54	102	54	55
55	102	55	56
56	102	56	57
57	102	57	58
58	102	58	59
59	102	59	60
60	102	60	61
61	102	61	62
62	102	62	63
63	102	63	64
64	102	64	65
65	102	65	66
66	102	66	67
67	102	67	68
68	102	68	69
69	102	69	70
70	102	70	71
71	102	71	72
72	102	72	73
73	102	73	74
74	102	74	75
75	102	75	76
76	102	76	77
77	102	77	78
78	102	78	79
79	102	79	80
80	102	80	81
81	102	81	82
82	102	82	83
83	102	83	84
84	102	84	85
85	102	85	86
86	102	86	87
87	102	87	88
88	102	88	89
89	102	89	90
90	102	90	91
91	102	91	92
92	102	92	93
93	102	93	94
94	102	94	95
95	102	95	96
96	102	96	97
97	102	97	98
98	102	98	99
99	102	99	100
100	102	100	101
101	102	101	102
102	102	102	103
103	102	103	104
104	102	104	105
105	102	105	106
106	102	106	107
107	102	107	108
108	102	108	109
109	102	109	110
110	102	110	111
111	102	111	112
112	102	112	113
113	102	113	114
114	102	114	115
115	102	115	116
116	102	116	117
117	102	117	118
118	102	118	119
119	102	119	120
120	102	120	121
121	102	121	122
122	102	122	123
123	102	123	124
124	102	124	125
125	102	125	126
126	102	126	127
127	102	127	128
128	102	128	129
129	102	129	130
130	102	130	131
131	102	131	132
132	102	132	133
133	102	133	134
134	102	134	135
135	102	135	136
136	102	136	137
137	102	137	138
138	102	138	139
139	102	139	140
140	102	140	141
141	102	141	142
142	102	142	143
143	102	143	144
144	102	144	145
145	102	145	146
146	102	146	147
147	102	147	148
148	102	148	149
149	102	149	150
150	102	150	151
151	102	151	152
152	102	152	153
153	102	153	154
154	102	154	155
155	102	155	156
156	102	156	157
157	102	157	158
158	102	158	159
159	102	159	160
160	102	160	161
161	102	161	162
162	102	162	163
163	102	163	164
164	102	164	165
165	102	165	166
166	102	166	167
167	102	167	168
168	102	168	169
169	102	169	170
170	102	170	171
171	102	171	172
172	102	172	173
173	102	173	174
174	102	174	175
175	102	175	176
176	102	176	177
177	102	177	178
178	102	178	179
179	102	179	180
180	102	180	181
181	102	181	182
182	102	182	183
183	102	183	184
184	102	184	185
185	102	185	186
186	102	186	187
187	102	187	188
188	102	188	189
189	102	189	190
190	102	190	191
191	102	191	192
192	102	192	193
193	102	193	194
194	102	194	195
195	102	195	196
196	102	196	197
197	102	197	198
198	102	198	199
199	102	199	200
200	102	200	201
201	102	201	202
202	102	202	203
203	102	203	204
204	102	204	205
205	102	205	206
206	102	206	207
207	102	207	208
208	102	208	209
209	102	209	210
210	102	210	211
211	102	211	212
212	102	212	213
213	102	213	214
214	102	214	215
215	102	215	216
216	102	216	217
217	102	217	218
218	102	218	219
219	102	219	220
220	102	220	221
221	102	221	222
222	102	222	223
223	102	223	224
224	102	224	225
225	102	225	226
226	102	226	227
227	102	227	228
228	102	228	229
229	102	229	230
230	102	230	231
231	102	231	232
232	102	232	233
233	102	233	234
234	102	234	235
235	102	235	236
236	102	236	237
237	102	237	238
238	102	238	239
239	102	239	240
240	102	240	241
241	102	241	242
242	102	242	243
243	102	243	244
244	102	244	245
245	102	245	246
246	102	246	247
247	102	247	248
248	102	248	249
249	102	249	250
250	102	250	251
251	102	251	252
252	102	252	253
253	102	253	254
254	102	254	255
255	102	255	256
256	102	256	257
257	102	257	258
258	102	258	259
259	102	259	260
260	102	260	261
261	102	261	262
262	102	262	263
263	102	263	264
264	102	264	265
265	102	265	266
266	102	266	267
267	102	267	268
268	102	268	269
269	102	269	270
270	102	270	271
271	102	271	272
272	102	272	273
273	102	273	274
274	102	274	275
275	102	275	276
276	102	276	277
277	102	277	278
278	102	278	279
279	102	279	280
280	102	280	281
281	102	281	282
282	102	282	283
283	102	283	284
284	102	284	285
285	102	285	286
286	102	286	287
287	102	287	288
288	102	288	289
289	102	289	290
290	102	290	291
291	102	291	292
292	102	292	293
293	102	293	294
294	102	294	295
295	102	295	296
296	102	296	297
297	102	297	298
298	102	298	299
299	102	299	300
300	102	300	301
301	102	301	302
302	102	302	303
303	102	303	304
304	102	304	305
305	102	305	306
306	102	306	307
307	102	307	308
308	102	308	309
309	102	309	310
310	102	310	311
311	102	311	312
312	102	312	313
313	102	313	314
314	102	314	315
315	102	315	316
316	102	316	317
317	102	317	318
318	102	318	319
319	102	319	320
320	102	320	321
321	102	321	322
322	102	322	323
323	102	323	324
324	102	324	325
325	102	325	326
326	102	326	327
327	102	327	328
328	102	328	329
329	102	329	330
330	102	330	331
331	102	331	332
332	102	332	333
333	102	333	334
334	102	334	335
335	102	335	336
336	102	336	337
337	102	337	338
338	102	338	339
339	102	339	340
340	102	340	341
341	102	341	342
342	102	342	343
343	102	343	344
344	102	344	345
345	102	345	346
346	102	346	347
347	102	347	348
348	102	348	349
349	102	349	350
350	102	350	351
351	102	351	352
352	102	352	353
353	102	353	354
354	102	354	355
355	102	355	356
356	102	356	357
357	102	357	358
358	102	358	359
359	102	359	360
360	102	360	361
361	102	361	362
362	102	362	363
363	102	363	364
364	102	364	365
365	102	365	366
366	102	366	367
367	102	367	368
368	102	368	369
369	102	369	370
370	102	370	371
371	102	371	372
372	102	372	373
373	102	373	374
374	102	374	375
375	102	375	376
376	102	376	377
377	102	377	378
378	102	378	379
379	102	379	380
380	102	380	381
381	102	381	382
382	102	382	383
383	102	383	384
384	102	384	385
385	102	385	386
386	102	386	387
387	102	387	388
388	102	388	389
389	102	389	390
390	102	390	391
391	102	391	392
392	102	392	393
393	102	393	394
394	102	394	395
395	102	395	396
396	102	396	397
397	102	397	398
398	102	398	399
399	102	399	400
400	102	400	401
401	102	401	402
402	102	402	403
403	102	403	404
404	102	404	405
405	102	405	406
406	102	406	407
407	102	407	408
408	102	408	409
409	102	409	410
410	102	410	411
411	102	411	412
412	102	412	413
413	102	413	414
414	102	414	415
415	102	415	416
416	102	416	417
417	102	417	418
418	102	418	419
419	102	419	420
420	102	420	421
421	102	421	422
422	102	422	423
423	102	423	424
424	102	424	425
425	102	425	426
426	102	426	427
427	102	427	428
428	102	428	429
429	102	429	430
430	102	430	431
431	102	431	432
432	102	432	433
433	102	433	434
434	102	434	435
435	102	435	436
436	102	436	437
437	102	437	438
438	102	438	439
439	102	439	440
440	102	440	441
441	102	441	442
442	102	442	443
443	102	443	444
444	102	444	445
445	102	445	446
446	102	446	447
447	102	447	448
448	102	448	449
449	102	449	450
450	102	450	451
451	102	451	452
452	102	452	453
453	102	453	454
454	102	454	455
455	102	455	456
456	102	456	457
457	102	457	458
458	102	458	459
459	102	459	460
460	102	460	461
461	102	461	462
462	102	462	463
463	102	463	464
464	102	464	465
465	102	465	466
466	102	466	467
467	102	467	468
468	102	468	469
469	102	469	470
470	102	470	471
471	102	471	472
472	102	472	473
473	102	473	474
474	102	474	475
475	102	475	476
476	102	476	477
477	102	477	478
478	102	478	479
479	102	479	480
480	102	480	481
481	102	481	482
482	102	482	483
483	102	483	484
484	102	484	485
485	102	485	486
486	102	486	487
487	102	487	488
488	102	488	489
489	102	489	490
490	102	490	491
491	102	491	492
492	102	492	493
493	102	493	494
494	102	494	495
495	102	495	496
496	102	496	497
497	102	497	498
498	102	498	499
499	102	499	500
500	102	500	501
501	102	501	502
502	102	502	503
503	102	503	504
504	102	504	505
505	102	505	506
506	102	506	507
507	102	507	508
508	102	508	509
509	102	509	510
510	102	510	511
511	102	511	512
512	102	512	513
513	102	513	514
514	102	514	515
515	102	515	516
516	102	516	517
517	102	517	518
518	102	518	519
519	102	519	520
520	102	520	521
521	102	521	522
522	102	522	523
523	102	523	524
524	102	524	525
525	102	525	526
526	102	526	527
527	102	527	528
528	102	528	529
529	102	529	530
530	102	530	531
531	102	531	532
532	102	532	533
533	102	533	534
534	102	534	535
535	102	535	536
536	102	536	537
537	102	537	538
538	102	538	539
539	102	539	540
540	102	540	541
541	102	541	542
542	102	542	543
543	102	543	544
544	102	544	545
545	102	545	546
546	102	546	547
547	102	547	548
548	102	548	549
549	102	549	550
550	102	550	551
551	102	551	552
552	102	552	553
553	102	553	554
554	102	554	555
555	102	555	556
556	102	556	557
557	102	557	558
558	102	558	559
559	102	559	560
560	102	560	561
561	102	561	562
562	102	562	563
563	102	563	564
564	102	564	565
565	102	565	566
566	102	566	567
567	102	567	568
568	102	568	569
569	102	569	570
570	102	570	571
571	102	571	572
572	102	572	573
573	102	573	574
574	102	574	575
575	102	575	576
576	102	576	577
577	102	577	578
578	102	578	579
579	102	579	580
580	102	580	581
581	102	581	582
582	102	582	583
583	102	583	584
584	102	584	585
585	102	585	586
586	102	586	587
587	102	587	588
588	102	588	589
589	102	589	590
590	102	590	591
591	102	591	592
592	102	592	593
593	102	593	594
594	102	594	595
595	102	595	596
596	102	596	597
597	102	597	598
598	102	598	599
599	102	599	600
600	102	600	601
601	102	601	602
602	102	602	603
603	102	603	604
604	102	604	605
605	102	605	606
606	102	606	607
607	102	607	608
608	102	608	609
609	102	609	610
610	102	610	611
611	102	611	612
612	102	612	613
613	102	613	614
614	102	614	615
615	102	615	616
616	102	616	617
617	102	617	618
618	102	618	619
619	102	619	620
620	102	620	621
621	102	621	622
622	102	622	623
623	102	623	624
624	102	624	625
625	102	625	626
626	102	626	627
627	102	627	628
628	102	628	629
629	102	629	630
630	102	630	631
631	102	631	632
632	102	632	633
633	102	633	634
634	102	634	635
635	102	635	636
636	102	636	637
637	102	637	638
638	102	638	639
639	102	639	640
640	102	640	641
641	102	641	642
642	102	642	643
643	102	643	644
644	102	644	645
645	102	645	646
646	102	646	647
647	102	647	648
648	102	648	649
649	102	649	650
650	102	650	651
651	102	651	652
652	102	652	653
653	102	653	654
654	102	654	655
655	102	655	656
656	102	656	657
657	102	657	658
658	102	658	659
659	102	659	660
660	102	660	661
661	102	661	662
662	102	662	663
663	102	663	664
664	102	664	665
665	102	665	666
666	102	666	667
667	102	667	668
668	102	668	669
669	102	669	670
670	102	670	671
671	102	671	672
672	102	672	673
673	102	673	674
674	102	674	675
675	102	675	676
676	102	676	677
677	102	677	678
678	102	678	679
679	102	679	680
680	102	680	681
681	102	681	682
682	102	682	683
683	102	683	684
684	102	684	685
685	102	685	686
686	102	686	687
687	102	687	688
688	102	688	689
689	102	689	690
690	102	690	691
691	102	691	692
692	102	692	693
693	102	693	694
694	102	694	695
695	102	695	696
696	102	696	697
697	102	697	698
698	102	698	699
699	102	699	700
700	102	700	701
701	102	701	702
702	102	702	703
703	102	703	704
704	102	704	705
705	102	705	706
706	102	706	707
707	102	707	708
708	102	708	709
709	102	709	710
710	102	710	711
711	102	711	712
712	102	712	713
713	102	713	714
714	102	714	715
715	102	715	716
716	102	716	717
717	102	717	718
718	102	718	719
719	102	719	720
720	102	720	721
721	102	721	722
722	102	722	723
723	102	723	724
724	102	724	725
725	102	725	726
726	102	726	727
727	102	727	728
728	102	728	729
729	102	729	730
730	102	730	731
731	102	731	732
732	102	732	733
733	102	733	734
734	102	734	735
735	102	735	736
736	102	736	737
737	102	737	738
738	102	738	739
739	102	739	740
740	102	740	741
741	102	741	742
742	102	742	743
743	102	743	744
744	102	744	745
745	102	745	746
746	102	746	747
747	102	747	748
748	102	748	749
749	102	749	750
750	102	750	751
751	102	751	752
752	102	752	753
753	102	753	754
754	102	754	755
755	102	755	756
756	102	756	757
757	102	757	758
758	102	758	759
759	102	759	760
760	102	760	761
761	102	761	762
762	102	762	763
763	102	763	764
764	102	764	765
765	102	765	766
766	102	766	767
767	102	767	768
768	102	768	769
769	102	769	770
770	102	770	771
771	102	771	772
772	102	772	773
773	102	773	774
774	102	774	775
775	102	775	776
776	102	776	777
777	102	777	778
778	102	778	779
779	102	779	780
780	102	780	781
781	102	781	782
782	102	782	783
783	102	783	784
784	102	784	785
785	102	785	786
786	102	786	787
787	102	787	788
788	102	788	789
789	102	789	790
790	102	790	791
791	102	791	792
792	102	792	793
793	102	793	794
794	102	794	795
795	102	795	796
796	102	796	797
797	102	797	798
798	102	798	799
799	102	799	800
800	102	800	1