318 743
1 1.952285e-002 4.028542e-002 1.762024e-014
2 -1.968214e-002 4.020783e-002 -1.500808e-017
3 -2.463460e-002 3.654765e-002 7.839808e-003
4 -3.795609e-002 3.654765e-002 0.000000e+000
5 2.461313e-002 3.654765e-002 7.906962e-003
6 3.781143e-002 3.654765e-002 0.000000e+000
7 -2.463460e-002 3.654765e-002 -7.839808e-003
8 2.461313e-002 3.654765e-002 -7.906962e-003
9 3.635048e-002 2.612852e-002 -1.927451e-014
10 -3.645361e-002 2.598444e-002 -1.259253e-017
11 -2.741169e-018 -6.713928e-034 -4.476669e-002
12 -4.476669e-002 -1.096468e-017 0.000000e+000
13 -3.097623e-002 -3.231919e-002 0.000000e+000
14 3.097623e-002 -3.231919e-002 -3.793494e-018
15 -2.741169e-018 4.476669e-002 0.000000e+000
16 -2.741169e-018 0.000000e+000 4.476669e-002
17 3.470430e-002 3.654765e-002 6.787710e-003
18 3.045835e-002 3.654765e-002 8.821096e-003
19 2.786560e-002 3.654765e-002 8.914129e-003
20 2.645727e-002 3.654765e-002 8.644250e-003
21 2.551473e-002 3.654765e-002 8.326816e-003
22 3.674661e-002 4.546647e-002 0.000000e+000
23 3.361199e-002 5.388391e-002 0.000000e+000
24 2.850925e-002 6.141273e-002 0.000000e+000
25 2.144810e-002 6.772537e-002 0.000000e+000
26 1.350317e-002 7.191550e-002 0.000000e+000
27 4.795079e-003 7.411741e-002 0.000000e+000
28 -4.186630e-003 7.420733e-002 0.000000e+000
29 -1.293705e-002 7.218019e-002 0.000000e+000
30 -2.096428e-002 6.814995e-002 0.000000e+000
31 -2.781706e-002 6.234317e-002 0.000000e+000
32 -3.375664e-002 5.388391e-002 0.000000e+000
33 -3.689126e-002 4.546647e-002 0.000000e+000
34 -3.452097e-002 3.654765e-002 7.057600e-003
35 -3.033720e-002 3.654765e-002 8.865631e-003
36 -2.781224e-002 3.654765e-002 8.890168e-003
37 -2.640262e-002 3.654765e-002 8.586737e-003
38 -2.553402e-002 3.654765e-002 8.275596e-003
39 -2.091680e-002 3.934829e-002 4.273418e-003
40 -2.342803e-002 3.748963e-002 7.050614e-003
41 1.736366e-002 4.623931e-002 -1.098219e-018
42 1.346786e-002 5.119706e-002 -1.098219e-018
43 5.539194e-003 5.569060e-002 -1.098219e-018
44 -3.725874e-003 5.615870e-002 -1.098219e-018
45 -1.220081e-002 5.238563e-002 -1.098219e-018
46 -1.704130e-002 4.703554e-002 -1.098219e-018
47 -1.883108e-002 4.333373e-002 -1.098219e-018
48 2.368943e-002 3.726792e-002 7.345754e-003
49 2.176599e-002 3.871013e-002 5.641235e-003
50 2.709377e-002 3.654765e-002 -8.795224e-003
51 2.964716e-002 3.654765e-002 -8.931581e-003
52 3.419505e-002 3.654765e-002 -7.196014e-003
53 2.121706e-002 3.910662e-002 -4.956370e-003
54 -2.062382e-002 3.955563e-002 -3.750560e-003
55 -2.732657e-002 3.654765e-002 -8.812304e-003
56 -2.970411e-002 3.654765e-002 -8.939036e-003
57 -3.376748e-002 3.654765e-002 -7.588108e-003
58 2.664477e-002 3.490431e-002 -8.706457e-003
59 2.872969e-002 3.313987e-002 -8.967256e-003
60 3.073421e-002 3.137573e-002 -8.661942e-003
61 3.402412e-002 2.835204e-002 -6.525165e-003
62 3.391723e-002 2.845259e-002 6.642933e-003
63 3.000278e-002 3.202673e-002 8.841776e-003
64 2.730020e-002 3.435779e-002 8.848609e-003
65 2.601169e-002 3.542478e-002 8.516828e-003
66 2.530640e-002 3.599576e-002 8.243256e-003
67 -9.493927e-003 4.374839e-002 0.000000e+000
68 -1.471937e-002 4.227762e-002 0.000000e+000
69 -1.726683e-002 4.130270e-002 0.000000e+000
70 8.831314e-003 4.388695e-002 -1.081524e-018
71 1.481140e-002 4.224546e-002 -1.813873e-018
72 4.275082e-002 1.328246e-002 -5.235466e-018
73 4.466310e-002 -3.043778e-003 -5.469652e-018
74 4.055353e-002 -1.895963e-002 -4.966376e-018
75 -2.682620e-002 -3.231919e-002 -1.548811e-002
76 -1.548811e-002 -3.231919e-002 -2.682620e-002
77 5.739672e-016 -3.231919e-002 -3.097623e-002
78 1.548811e-002 -3.231919e-002 -2.682620e-002
79 2.682620e-002 -3.231919e-002 -1.548811e-002
80 -4.117499e-002 -1.756920e-002 0.000000e+000
81 -4.136021e-002 0.000000e+000 -1.713171e-002
82 -3.165392e-002 0.000000e+000 -3.165392e-002
83 -1.713171e-002 0.000000e+000 -4.136021e-002
84 -4.174909e-002 1.615767e-002 0.000000e+000
85 -3.367987e-002 2.864865e-002 -6.998388e-003
86 -2.993533e-002 3.208038e-002 -8.875952e-003
87 -2.736784e-002 3.430710e-002 -8.836564e-003
88 -2.545601e-002 3.588938e-002 8.246254e-003
89 -2.622457e-002 3.526152e-002 8.541247e-003
90 -2.723530e-002 3.441896e-002 8.810969e-003
91 -2.960360e-002 3.237423e-002 8.921486e-003
92 -3.344748e-002 2.886741e-002 7.210817e-003
93 -1.713171e-002 -4.196060e-018 4.136021e-002
94 -3.165392e-002 -7.752973e-018 3.165392e-002
95 -4.136021e-002 -1.013033e-017 1.713171e-002
96 2.682620e-002 -3.231919e-002 1.548811e-002
97 1.548811e-002 -3.231919e-002 2.682620e-002
98 -5.976862e-016 -3.231919e-002 3.097623e-002
99 -1.548811e-002 -3.231919e-002 2.682620e-002
100 -2.682620e-002 -3.231919e-002 1.548811e-002
101 3.507201e-002 4.232887e-002 5.959970e-003
102 2.818741e-002 3.834508e-002 8.947593e-003
103 2.618593e-002 3.817621e-002 8.580209e-003
104 2.476245e-002 3.792478e-002 8.004445e-003
105 3.252235e-002 4.929139e-002 6.590666e-003
106 2.287364e-002 6.174448e-002 7.332137e-003
107 8.627831e-003 7.017929e-002 6.820233e-003
108 -7.452238e-003 6.818977e-002 8.224131e-003
109 -2.287866e-002 6.357382e-002 6.233463e-003
110 -3.227343e-002 4.930329e-002 6.907047e-003
111 -3.405805e-002 4.152903e-002 7.134705e-003
112 -2.726796e-002 3.784201e-002 8.807012e-003
113 -2.469170e-002 3.819626e-002 7.901094e-003
114 1.951000e-002 4.456197e-002 4.499251e-003
115 1.781905e-002 5.210238e-002 7.300005e-003
116 9.278170e-003 5.687067e-002 6.130140e-003
117 -5.579286e-004 5.984293e-002 6.991536e-003
118 -9.804438e-003 5.797553e-002 7.173264e-003
119 -1.655094e-002 5.187739e-002 6.271859e-003
120 2.356232e-002 3.973203e-002 7.398294e-003
121 3.111177e-002 3.990653e-002 8.626942e-003
122 1.678519e-002 6.708287e-002 6.697563e-003
123 2.788872e-002 5.548214e-002 7.541190e-003
124 6.899760e-004 7.015737e-002 7.635930e-003
125 -1.575684e-002 6.651137e-002 7.507677e-003
126 -2.614566e-002 5.606698e-002 8.189363e-003
127 -2.596681e-002 3.804989e-002 8.458693e-003
128 -2.953319e-002 3.939905e-002 8.941637e-003
129 -2.004527e-002 4.292536e-002 4.149927e-003
130 -1.859516e-002 4.659904e-002 4.350205e-003
131 -2.283872e-002 4.119000e-002 6.938458e-003
132 5.175988e-003 6.372617e-002 8.882122e-003
133 1.582780e-002 5.971457e-002 8.930280e-003
134 -2.313471e-002 4.744752e-002 8.294956e-003
135 1.119274e-002 6.374155e-002 8.952624e-003
136 -1.789790e-002 5.892690e-002 8.962442e-003
137 -2.706140e-002 3.953359e-002 8.792759e-003
138 2.921165e-002 4.426170e-002 8.862859e-003
139 2.537749e-002 3.983163e-002 8.355933e-003
140 2.245442e-002 4.270878e-002 7.034382e-003
141 2.425326e-002 4.772315e-002 8.707019e-003
142 -2.952918e-002 4.439707e-002 8.829380e-003
143 -2.530219e-002 4.041759e-002 8.301713e-003
144 2.753615e-002 4.067753e-002 8.911656e-003
145 2.528865e-002 4.264348e-002 8.508447e-003
146 -2.528519e-002 4.339274e-002 8.522393e-003
147 -2.740803e-002 4.165393e-002 8.898978e-003
148 3.239363e-002 4.679841e-002 -7.355603e-003
149 2.840702e-002 5.567731e-002 -7.165863e-003
150 2.255551e-002 6.221928e-002 -7.230534e-003
151 1.649029e-002 6.679758e-002 -7.027068e-003
152 7.878721e-003 6.774982e-002 -8.345016e-003
153 -1.849996e-004 7.023928e-002 -7.590208e-003
154 -8.675604e-003 6.989603e-002 -7.064169e-003
155 -1.588920e-002 6.796378e-002 -6.424079e-003
156 -2.182095e-002 6.319460e-002 -7.098801e-003
157 -2.805788e-002 5.707588e-002 -6.846915e-003
158 -3.270786e-002 5.027352e-002 -6.190288e-003
159 -3.526969e-002 4.267105e-002 -5.834674e-003
160 2.854140e-002 3.880161e-002 -8.965091e-003
161 1.967426e-002 4.436016e-002 -4.629540e-003
162 1.222853e-002 5.758947e-002 -7.731981e-003
163 -1.108658e-002 5.886389e-002 -8.011191e-003
164 -1.924089e-002 4.518382e-002 -4.258670e-003
165 -2.318044e-002 4.257799e-002 -7.421335e-003
166 -2.863490e-002 3.876702e-002 -8.963650e-003
167 -3.170620e-002 4.052045e-002 -8.462858e-003
168 1.247810e-003 5.980785e-002 -6.989363e-003
169 1.692293e-002 4.995688e-002 -5.253245e-003
170 -1.639521e-002 5.094400e-002 -5.410383e-003
171 -2.607832e-002 3.923160e-002 -8.528457e-003
172 2.050573e-002 5.511822e-002 -8.887326e-003
173 -2.012230e-002 5.615724e-002 -8.925255e-003
174 -2.943285e-002 4.573345e-002 -8.775200e-003
175 2.616913e-002 3.954167e-002 -8.610834e-003
176 3.122253e-002 3.991559e-002 -8.594637e-003
177 -2.787234e-002 4.205280e-002 -8.949104e-003
178 2.355484e-002 4.295224e-002 -7.793447e-003
179 2.340308e-002 4.896845e-002 -8.652266e-003
180 -4.595617e-003 6.437288e-002 -8.938233e-003
181 -2.394277e-002 4.997326e-002 -8.836300e-003
182 2.851841e-002 4.230671e-002 -8.964185e-003
183 3.166956e-002 3.401790e-002 -8.476711e-003
184 3.563598e-002 3.219201e-002 -5.533477e-003
185 2.608022e-002 3.603903e-002 8.532792e-003
186 3.209977e-002 3.401037e-002 8.316047e-003
187 2.909252e-002 3.505666e-002 8.963051e-003
188 2.708291e-002 3.573457e-002 8.795485e-003
189 -4.652092e-003 4.406586e-002 -6.372940e-003
190 -1.711746e-002 4.128484e-002 -2.571197e-003
191 1.022781e-002 4.312290e-002 -6.313822e-003
192 1.616822e-002 4.140879e-002 -5.287484e-003
193 2.477170e-002 3.565697e-002 -1.090871e-002
194 2.736887e-002 3.340901e-002 -1.178304e-002
195 2.999918e-002 3.087353e-002 -1.228539e-002
196 3.390033e-002 2.707529e-002 -1.103418e-002
197 3.884855e-002 1.986154e-002 -1.001830e-002
198 4.212862e-002 4.123558e-003 -1.456820e-002
199 3.869575e-002 -1.650323e-002 -1.530814e-002
200 -2.590081e-002 -1.794879e-002 -3.179695e-002
201 -9.080913e-003 -1.864245e-002 -3.967433e-002
202 9.463311e-003 -1.941231e-002 -3.921307e-002
203 2.651519e-002 -1.942967e-002 -3.038897e-002
204 -3.857140e-002 -1.427577e-002 -1.767784e-002
205 -3.746218e-002 1.175394e-002 -2.150551e-002
206 -2.473072e-002 1.277770e-002 -3.505964e-002
207 -7.689114e-003 1.511485e-002 -4.143037e-002
208 -3.123884e-002 2.883552e-002 -1.402512e-002
209 -2.819638e-002 3.283356e-002 -1.144455e-002
210 -2.519434e-002 3.535328e-002 -1.092920e-002
211 -1.285602e-002 4.270159e-002 -3.918379e-003
212 2.917730e-003 4.398444e-002 -7.804639e-003
213 2.205785e-002 3.762657e-002 -1.008710e-002
214 -2.216149e-002 3.776594e-002 -9.309089e-003
215 -3.722092e-002 2.219744e-002 -1.122200e-002
216 9.996507e-003 1.381753e-002 -4.139085e-002
217 1.879094e-002 -3.944957e-003 -4.044001e-002
218 3.386374e-002 -2.649936e-003 -2.915959e-002
219 -1.716672e-002 4.064834e-002 -7.554634e-003
220 1.828114e-002 3.920136e-002 -1.153732e-002
221 2.815327e-002 3.031029e-002 -1.710955e-002
222 1.315189e-002 4.080500e-002 -1.288551e-002
223 2.132889e-002 3.627712e-002 -1.526780e-002
224 2.486593e-002 3.388757e-002 -1.540697e-002
225 -3.069296e-002 2.137512e-002 -2.459884e-002
226 -2.620709e-002 3.269718e-002 -1.575246e-002
227 1.710720e-003 3.136915e-002 -3.189211e-002
228 -1.692763e-002 2.469671e-002 -3.328040e-002
229 -3.687031e-003 4.087822e-002 -1.787271e-002
230 2.476364e-002 9.740890e-003 -3.599908e-002
231 3.398329e-002 1.448776e-002 -2.528433e-002
232 -1.010253e-002 4.237298e-002 -1.032113e-002
233 5.678387e-003 4.075762e-002 -1.762467e-002
234 -2.283924e-002 3.581796e-002 -1.412441e-002
235 2.781822e-002 2.533906e-002 -2.425150e-002
236 -1.865142e-002 3.879720e-002 -1.228651e-002
237 -1.264035e-002 3.450786e-002 -2.556337e-002
238 1.461567e-002 3.641514e-002 -2.154939e-002
239 3.309687e-002 2.417740e-002 -1.800297e-002
240 1.881350e-002 2.433986e-002 -3.252200e-002
241 -1.197315e-002 3.997226e-002 -1.621477e-002
242 -2.176371e-002 3.379069e-002 -1.971261e-002
243 2.254016e-002 3.219263e-002 -2.143904e-002
244 -2.490582e-002 2.857408e-002 -2.381762e-002
245 -1.752442e-002 3.700639e-002 -1.809637e-002
246 3.786568e-003 4.353105e-002 9.734778e-003
247 1.127685e-002 4.261177e-002 7.818344e-003
248 1.724354e-002 4.093893e-002 5.542666e-003
249 -1.206433e-002 4.272068e-002 5.783802e-003
250 -1.702958e-002 4.123989e-002 3.649877e-003
251 -2.440039e-002 3.638464e-002 9.210619e-003
252 -2.647439e-002 3.447130e-002 1.071882e-002
253 -2.810130e-002 3.302114e-002 1.113456e-002
254 -3.518688e-002 2.239762e-002 1.625691e-002
255 -3.856596e-002 2.152133e-002 7.318217e-003
256 -6.543056e-003 1.684434e-002 4.095746e-002
257 -2.255640e-002 1.576548e-002 3.530886e-002
258 -9.067552e-003 -1.165113e-002 4.226213e-002
259 -3.524925e-002 -1.561321e-002 2.275467e-002
260 3.586791e-002 -2.138734e-002 1.612859e-002
261 2.470666e-002 -2.123554e-002 3.070325e-002
262 6.606845e-003 -1.942473e-002 3.978802e-002
263 -1.132035e-002 -2.344101e-002 3.642013e-002
264 -2.433472e-002 -2.410737e-002 2.882209e-002
265 4.231281e-002 7.715135e-003 1.241610e-002
266 4.166562e-002 -7.489639e-003 1.455809e-002
267 3.279729e-002 2.729415e-002 1.354341e-002
268 2.863056e-002 3.191558e-002 1.287415e-002
269 2.532388e-002 3.562088e-002 9.690743e-003
270 2.292039e-002 3.740484e-002 8.921313e-003
271 2.063883e-002 3.887286e-002 8.185118e-003
272 -4.772721e-003 4.378206e-002 8.025514e-003
273 -2.526209e-002 3.558889e-002 9.965668e-003
274 -2.257228e-002 3.757020e-002 9.112033e-003
275 1.143972e-002 1.380953e-002 4.101812e-002
276 -3.481296e-002 1.287061e-002 2.502922e-002
277 -2.322595e-002 -1.271234e-002 3.609721e-002
278 3.864309e-002 2.053537e-002 9.437502e-003
279 2.645896e-002 3.443005e-002 1.088815e-002
280 2.432805e-002 3.640312e-002 9.328195e-003
281 1.847418e-002 -4.980264e-003 4.047170e-002
282 1.616630e-002 4.017362e-002 1.134846e-002
283 -1.985201e-002 3.931218e-002 8.031641e-003
284 -2.734996e-002 2.560747e-002 2.450090e-002
285 -2.353393e-002 3.642837e-002 1.109884e-002
286 2.721230e-002 8.839797e-003 3.442972e-002
287 -4.147238e-002 1.208978e-002 1.174462e-002
288 3.413548e-002 1.823524e-002 2.250114e-002
289 3.285576e-002 -8.151880e-003 2.929339e-002
290 2.305718e-002 3.677498e-002 1.095554e-002
291 -1.569221e-002 4.050991e-002 1.080546e-002
292 2.797330e-002 2.853805e-002 2.017749e-002
293 -2.665832e-002 3.322646e-002 1.376201e-002
294 2.451198e-002 3.562022e-002 1.159395e-002
295 -1.017504e-003 3.936636e-002 2.129111e-002
296 3.672043e-003 2.960003e-002 3.338279e-002
297 1.987004e-002 2.527232e-002 3.115362e-002
298 -2.443121e-002 3.516095e-002 1.307212e-002
299 -1.375660e-002 3.221207e-002 2.787822e-002
300 -9.927103e-003 4.069948e-002 1.578169e-002
301 1.030243e-002 3.795791e-002 2.138022e-002
302 2.052929e-002 3.814248e-002 1.130295e-002
303 -2.062340e-002 3.751183e-002 1.309942e-002
304 -3.022626e-002 2.963471e-002 1.456756e-002
305 -1.696363e-002 3.736891e-002 1.788453e-002
306 3.746329e-002 3.956814e-003 2.418476e-002
307 2.487328e-002 3.372041e-002 1.575787e-002
308 2.065400e-002 3.288376e-002 2.227391e-002
309 -2.356214e-002 3.322824e-002 1.856789e-002
310 1.903112e-002 3.670991e-002 1.715389e-002
311 2.239633e-002 3.622233e-002 1.379869e-002
312 -1.421012e-002 -3.231919e-002 -8.194014e-003
313 3.099211e-006 -3.231919e-002 -1.640044e-002
314 1.421392e-002 -3.231919e-002 -8.194815e-003
315 1.421364e-002 -3.231919e-002 8.214142e-003
316 2.247405e-006 -3.231919e-002 1.641921e-002
317 -1.421069e-002 -3.231919e-002 8.212680e-003
318 2.012948e-006 -3.231919e-002 9.462355e-006
1 102 17 6 
2 102 18 17 
3 102 19 18 
4 102 20 19 
5 102 21 20 
6 102 5 21 
7 102 6 22 
8 102 22 23 
9 102 23 24 
10 102 24 25 
11 102 25 26 
12 102 26 27 
13 102 27 28 
14 102 28 29 
15 102 29 30 
16 102 30 31 
17 102 31 32 
18 102 32 33 
19 102 33 4 
20 102 4 34 
21 102 34 35 
22 102 35 36 
23 102 36 37 
24 102 37 38 
25 102 38 3 
26 102 39 2 
27 102 40 39 
28 102 3 40 
29 102 41 1 
30 102 42 41 
31 102 43 42 
32 102 44 43 
33 102 45 44 
34 102 46 45 
35 102 47 46 
36 102 2 47 
37 102 48 5 
38 102 49 48 
39 102 1 49 
40 102 50 8 
41 102 51 50 
42 102 52 51 
43 102 6 52 
44 102 53 1 
45 102 8 53 
46 102 54 7 
47 102 2 54 
48 102 7 55 
49 102 55 56 
50 102 56 57 
51 102 57 4 
52 102 58 8 
53 102 59 58 
54 102 60 59 
55 102 61 60 
56 102 9 61 
57 102 62 9 
58 102 63 62 
59 102 64 63 
60 102 65 64 
61 102 66 65 
62 102 5 66 
63 102 67 15 
64 102 68 67 
65 102 69 68 
66 102 2 69 
67 102 15 70 
68 102 70 71 
69 102 71 1 
70 102 9 72 
71 102 72 73 
72 102 73 74 
73 102 74 14 
74 102 75 13 
75 102 76 75 
76 102 77 76 
77 102 78 77 
78 102 79 78 
79 102 14 79 
80 102 80 12 
81 102 13 80 
82 102 12 81 
83 102 81 82 
84 102 82 83 
85 102 83 11 
86 102 84 10 
87 102 12 84 
88 102 10 85 
89 102 85 86 
90 102 86 87 
91 102 87 7 
92 102 3 88 
93 102 88 89 
94 102 89 90 
95 102 90 91 
96 102 91 92 
97 102 92 10 
98 102 93 16 
99 102 94 93 
100 102 95 94 
101 102 12 95 
102 102 96 14 
103 102 97 96 
104 102 98 97 
105 102 99 98 
106 102 100 99 
107 102 13 100 
108 203 22 101 6 
109 203 101 121 17 
110 203 20 19 102 
111 203 21 20 103 
112 203 20 102 103 
113 203 5 21 104 
114 203 48 5 104 
115 203 21 103 104 
116 203 22 23 105 
117 203 24 25 106 
118 203 26 27 107 
119 203 28 29 108 
120 203 30 31 109 
121 203 32 33 110 
122 203 33 4 111 
123 203 110 33 111 
124 203 4 34 111 
125 203 34 35 111 
126 203 36 37 112 
127 203 38 3 113 
128 203 41 1 114 
129 203 1 49 114 
130 203 42 41 115 
131 203 41 114 115 
132 203 43 42 116 
133 203 42 115 116 
134 203 44 43 117 
135 203 43 116 117 
136 203 45 44 118 
137 203 44 117 118 
138 203 46 45 119 
139 203 45 118 119 
140 203 48 104 120 
141 203 121 102 18 
142 203 106 25 122 
143 203 25 26 122 
144 203 24 106 123 
145 203 23 24 123 
146 203 26 107 122 
147 203 27 28 124 
148 203 29 30 125 
149 203 31 32 126 
150 203 112 37 127 
151 203 37 38 127 
152 203 35 36 128 
153 203 38 113 127 
154 203 39 2 129 
155 203 2 47 129 
156 203 3 40 113 
157 203 47 46 130 
158 203 113 40 131 
159 203 105 23 123 
160 203 49 48 120 
161 203 19 18 102 
162 203 107 27 124 
163 203 108 29 125 
164 203 109 31 126 
165 203 47 130 129 
166 203 18 17 121 
167 203 126 32 110 
168 203 125 30 109 
169 203 124 28 108 
170 203 17 6 101 
171 203 107 124 132 
172 203 106 122 133 
173 203 22 105 101 
174 203 123 106 115 
175 203 126 110 134 
176 203 122 107 135 
177 203 133 122 135 
178 203 107 132 135 
179 203 124 108 117 
180 203 125 109 136 
181 203 112 127 137 
182 203 111 35 128 
183 203 128 36 112 
184 203 121 101 138 
185 203 128 112 137 
186 203 131 40 39 
187 203 130 46 119 
188 203 115 133 116 
189 203 135 132 116 
190 203 119 118 136 
191 203 120 104 139 
192 203 104 103 139 
193 203 39 129 131 
194 203 101 105 138 
195 203 130 119 134 
196 203 134 119 126 
197 203 49 120 140 
198 203 117 108 118 
199 203 123 115 141 
200 203 109 126 136 
201 203 111 128 142 
202 203 110 111 142 
203 203 127 113 143 
204 203 137 127 143 
205 203 113 131 143 
206 203 102 121 144 
207 203 126 119 136 
208 203 140 120 145 
209 203 140 145 141 
210 203 143 131 146 
211 203 123 141 105 
212 203 49 140 114 
213 203 137 143 147 
214 203 143 146 147 
215 203 142 128 147 
216 203 129 130 134 
217 203 110 142 134 
218 203 137 147 128 
219 203 147 146 142 
220 203 139 103 144 
221 203 115 114 141 
222 203 114 140 141 
223 203 144 121 138 
224 203 108 125 118 
225 203 144 138 145 
226 203 131 129 134 
227 203 144 145 139 
228 203 138 105 141 
229 203 141 145 138 
230 203 124 117 132 
231 203 103 102 144 
232 203 106 133 115 
233 203 135 116 133 
234 203 117 116 132 
235 203 120 139 145 
236 203 134 142 146 
237 203 125 136 118 
238 203 146 131 134 
239 203 22 6 52 
240 203 23 22 148 
241 203 24 23 149 
242 203 23 148 149 
243 203 25 24 150 
244 203 24 149 150 
245 203 26 25 151 
246 203 25 150 151 
247 203 27 26 152 
248 203 26 151 152 
249 203 28 27 153 
250 203 27 152 153 
251 203 29 28 154 
252 203 28 153 154 
253 203 30 29 155 
254 203 29 154 155 
255 203 31 30 156 
256 203 30 155 156 
257 203 32 31 157 
258 203 31 156 157 
259 203 33 32 158 
260 203 32 157 158 
261 203 4 33 159 
262 203 57 4 159 
263 203 33 158 159 
264 203 85 57 86 
265 203 51 50 160 
266 203 34 91 35 
267 203 53 1 161 
268 203 1 41 161 
269 203 42 43 162 
270 203 44 45 163 
271 203 46 47 164 
272 203 47 2 54 
273 203 164 47 54 
274 203 35 90 36 
275 203 165 54 7 
276 203 55 56 166 
277 203 56 57 167 
278 203 166 56 167 
279 203 57 159 167 
280 203 22 52 148 
281 203 162 43 168 
282 203 41 42 169 
283 203 44 163 168 
284 203 43 44 168 
285 203 45 46 170 
286 203 169 42 162 
287 203 7 55 171 
288 203 45 170 163 
289 203 41 169 161 
290 203 171 55 166 
291 203 162 168 152 
292 203 150 149 172 
293 203 153 152 168 
294 203 155 154 163 
295 203 157 156 173 
296 203 159 158 174 
297 203 160 50 175 
298 203 51 160 176 
299 203 171 166 177 
300 203 52 51 176 
301 203 53 161 178 
302 203 8 53 178 
303 203 170 46 164 
304 203 169 162 172 
305 203 163 170 173 
306 203 161 169 179 
307 203 178 161 179 
308 203 169 172 179 
309 203 10 4 85 
310 203 150 172 162 
311 203 153 168 180 
312 203 151 150 162 
313 203 152 151 162 
314 203 154 153 180 
315 203 157 173 181 
316 203 158 157 181 
317 203 173 170 181 
318 203 156 155 163 
319 203 159 174 167 
320 203 170 164 181 
321 203 172 149 179 
322 203 179 149 148 
323 203 156 163 173 
324 203 158 181 174 
325 203 164 54 165 
326 203 178 179 148 
327 203 166 167 177 
328 203 176 160 182 
329 203 164 165 181 
330 203 182 160 175 
331 203 181 165 174 
332 203 163 154 180 
333 203 174 165 177 
334 203 167 174 177 
335 203 168 163 180 
336 203 148 52 176 
337 203 177 165 171 
338 203 148 176 182 
339 203 148 182 178 
340 203 7 171 165 
341 203 178 182 175 
342 203 50 8 175 
343 203 178 175 8 
344 203 58 8 50 
345 203 60 59 183 
346 203 61 60 184 
347 203 60 183 184 
348 203 61 184 9 
349 203 17 62 6 
350 203 21 5 66 
351 203 21 66 185 
352 203 20 21 185 
353 203 66 65 185 
354 203 59 58 51 
355 203 9 6 62 
356 203 50 51 58 
357 203 51 52 183 
358 203 17 18 186 
359 203 18 19 187 
360 203 19 20 188 
361 203 183 52 184 
362 203 187 19 188 
363 203 59 51 183 
364 203 186 18 187 
365 203 62 17 186 
366 203 52 6 184 
367 203 185 65 188 
368 203 63 62 186 
369 203 64 63 187 
370 203 65 64 188 
371 203 187 63 186 
372 203 188 20 185 
373 203 188 64 187 
374 203 6 9 184 
375 203 67 15 189 
376 203 69 68 190 
377 203 2 69 190 
378 203 54 2 190 
379 203 56 86 57 
380 203 70 71 191 
381 203 71 1 192 
382 203 191 71 192 
383 203 1 53 192 
384 203 8 58 193 
385 203 58 59 194 
386 203 59 60 195 
387 203 60 61 196 
388 203 61 9 197 
389 203 196 61 197 
390 203 9 72 197 
391 203 72 73 198 
392 203 74 14 199 
393 203 14 79 199 
394 203 75 13 80 
395 203 76 75 200 
396 203 77 76 201 
397 203 78 77 202 
398 203 79 78 203 
399 203 199 79 203 
400 203 78 202 203 
401 203 75 80 204 
402 203 200 75 204 
403 203 80 12 204 
404 203 12 81 204 
405 203 81 82 204 
406 203 34 4 92 
407 203 83 11 201 
408 203 81 12 84 
409 203 82 81 205 
410 203 83 82 206 
411 203 82 205 206 
412 203 11 83 207 
413 203 83 206 207 
414 203 85 86 208 
415 203 86 87 209 
416 203 87 7 210 
417 203 81 84 205 
418 203 68 67 211 
419 203 15 70 212 
420 203 194 59 195 
421 203 8 193 213 
422 203 58 194 193 
423 203 72 198 197 
424 203 74 199 73 
425 203 201 76 200 
426 203 77 201 202 
427 203 210 7 214 
428 203 209 87 210 
429 203 201 11 202 
430 203 211 67 189 
431 203 85 208 215 
432 203 84 10 215 
433 203 11 207 216 
434 203 10 85 215 
435 203 202 11 217 
436 203 217 11 216 
437 203 189 15 212 
438 203 198 73 199 
439 203 212 70 191 
440 203 198 199 218 
441 203 54 190 219 
442 203 192 53 220 
443 203 194 195 221 
444 203 191 192 222 
445 203 192 220 222 
446 203 213 193 223 
447 203 193 194 224 
448 203 60 196 195 
449 203 204 82 200 
450 203 206 205 225 
451 203 209 210 226 
452 203 216 207 227 
453 203 202 217 203 
454 203 68 211 190 
455 203 207 206 228 
456 203 227 207 228 
457 203 206 225 228 
458 203 189 212 229 
459 203 217 216 230 
460 203 205 84 215 
461 203 197 198 231 
462 203 198 218 231 
463 203 219 214 54 
464 203 220 53 213 
465 203 92 91 34 
466 203 190 211 219 
467 203 232 219 211 
468 203 212 191 233 
469 203 229 212 233 
470 203 191 222 233 
471 203 210 214 234 
472 203 213 53 8 
473 203 220 213 223 
474 203 194 221 224 
475 203 210 234 226 
476 203 223 193 224 
477 203 196 239 195 
478 203 231 239 197 
479 203 234 214 236 
480 203 199 203 218 
481 203 203 217 218 
482 203 82 83 200 
483 203 189 229 232 
484 203 91 90 35 
485 203 56 87 86 
486 203 217 230 218 
487 203 222 220 238 
488 203 205 215 225 
489 203 200 83 201 
490 203 237 241 229 
491 203 7 54 214 
492 203 235 221 239 
493 203 220 223 238 
494 203 236 214 219 
495 203 229 227 237 
496 203 216 227 240 
497 203 230 216 240 
498 203 218 230 231 
499 203 240 227 238 
500 203 231 230 240 
501 203 236 219 241 
502 203 226 234 242 
503 203 222 238 233 
504 203 224 221 243 
505 203 228 237 227 
506 203 241 219 232 
507 203 209 226 208 
508 203 208 86 209 
509 203 90 89 36 
510 203 208 226 244 
511 203 226 242 244 
512 203 238 223 243 
513 203 231 240 235 
514 203 225 244 228 
515 203 225 208 244 
516 203 215 208 225 
517 203 234 236 245 
518 203 242 234 245 
519 203 236 241 245 
520 203 240 238 243 
521 203 211 189 232 
522 203 196 197 239 
523 203 229 233 227 
524 203 195 239 221 
525 203 221 235 243 
526 203 238 227 233 
527 203 237 228 244 
528 203 223 224 243 
529 203 235 240 243 
530 203 231 235 239 
531 203 232 229 241 
532 203 245 241 237 
533 203 245 237 242 
534 203 237 244 242 
535 203 70 15 246 
536 203 71 70 247 
537 203 70 246 247 
538 203 1 71 248 
539 203 49 1 248 
540 203 71 247 248 
541 203 67 68 249 
542 203 69 2 250 
543 203 2 39 250 
544 203 3 88 251 
545 203 89 90 252 
546 203 90 91 253 
547 203 254 304 92 
548 203 92 10 255 
549 203 10 84 255 
550 203 95 287 12 
551 203 93 16 256 
552 203 94 93 257 
553 203 93 256 257 
554 203 16 93 258 
555 203 94 95 259 
556 203 95 12 80 
557 203 80 13 100 
558 203 96 14 260 
559 203 14 74 260 
560 203 97 96 261 
561 203 96 260 261 
562 203 98 97 262 
563 203 99 98 263 
564 203 98 262 263 
565 203 100 99 264 
566 203 73 72 265 
567 203 74 73 266 
568 203 260 74 266 
569 203 73 265 266 
570 203 62 63 267 
571 203 63 64 268 
572 203 65 66 269 
573 203 5 48 270 
574 203 48 49 271 
575 203 95 80 259 
576 203 15 67 272 
577 203 68 69 250 
578 203 251 88 273 
579 203 88 89 273 
580 203 40 3 274 
581 203 89 252 273 
582 203 256 16 275 
583 203 95 94 276 
584 203 93 94 277 
585 203 272 67 249 
586 203 80 100 259 
587 203 267 63 268 
588 203 262 97 261 
589 203 277 264 263 
590 203 62 267 278 
591 203 72 9 278 
592 203 9 62 278 
593 203 64 65 279 
594 203 66 5 280 
595 203 48 271 270 
596 203 246 15 272 
597 203 269 66 280 
598 203 89 37 36 
599 203 276 94 257 
600 203 277 94 259 
601 203 274 3 251 
602 203 275 16 281 
603 203 64 279 268 
604 203 280 5 270 
605 203 281 16 262 
606 203 248 247 282 
607 203 250 39 283 
608 203 68 250 249 
609 203 276 257 284 
610 203 251 273 285 
611 203 275 281 286 
612 203 39 40 283 
613 203 268 279 307 
614 203 90 253 252 
615 203 92 255 254 
616 203 84 12 287 
617 203 258 93 277 
618 203 16 258 262 
619 203 274 251 285 
620 203 263 262 258 
621 203 278 267 288 
622 203 261 260 289 
623 203 260 266 289 
624 203 277 263 258 
625 203 72 278 265 
626 203 280 270 290 
627 203 262 261 281 
628 203 88 37 89 
629 203 249 250 291 
630 203 250 283 291 
631 203 267 268 292 
632 203 252 253 293 
633 203 265 278 288 
634 203 269 280 294 
635 203 280 290 294 
636 203 246 272 295 
637 203 256 275 296 
638 203 259 100 264 
639 203 267 292 288 
640 203 296 275 297 
641 203 275 286 297 
642 203 283 40 274 
643 203 273 252 298 
644 203 252 293 298 
645 203 287 95 276 
646 203 257 256 299 
647 203 257 299 284 
648 203 277 259 264 
649 203 272 249 300 
650 203 282 247 301 
651 203 247 246 301 
652 203 279 65 269 
653 203 99 263 264 
654 203 290 270 302 
655 203 270 271 302 
656 203 281 261 289 
657 203 274 285 303 
658 203 293 253 304 
659 203 281 289 286 
660 203 279 269 294 
661 203 283 274 303 
662 203 299 256 296 
663 203 301 246 295 
664 203 305 291 303 
665 203 284 254 276 
666 203 282 271 248 
667 203 295 272 300 
668 203 266 265 306 
669 203 265 288 306 
670 203 287 276 254 
671 203 292 268 307 
672 203 295 300 299 
673 203 38 37 88 
674 203 279 294 307 
675 203 91 92 304 
676 203 292 307 308 
677 203 289 266 306 
678 203 299 296 295 
679 203 293 304 309 
680 203 283 303 291 
681 203 286 289 306 
682 203 297 301 296 
683 203 297 286 288 
684 203 310 311 302 
685 203 304 254 284 
686 203 273 298 285 
687 203 305 303 309 
688 203 300 249 291 
689 203 288 292 297 
690 203 303 285 298 
691 203 286 306 288 
692 203 295 296 301 
693 203 300 305 299 
694 203 304 284 309 
695 203 287 254 255 
696 203 309 303 298 
697 203 294 290 311 
698 203 300 291 305 
699 203 297 308 301 
700 203 253 91 304 
701 203 84 287 255 
702 203 290 302 311 
703 203 298 293 309 
704 203 305 309 299 
705 203 294 311 307 
706 203 297 292 308 
707 203 310 302 282 
708 203 49 248 271 
709 203 282 301 310 
710 203 308 310 301 
711 203 311 310 307 
712 203 271 282 302 
713 203 10 92 4 
714 203 310 308 307 
715 203 284 299 309 
716 203 13 75 312 
717 203 75 76 312 
718 203 76 77 313 
719 203 312 76 313 
720 203 77 78 313 
721 203 78 79 314 
722 203 313 78 314 
723 203 79 14 314 
724 203 14 96 315 
725 203 314 14 315 
726 203 96 97 315 
727 203 97 98 316 
728 203 315 97 316 
729 203 98 99 316 
730 203 99 100 317 
731 203 316 99 317 
732 203 100 13 317 
733 203 317 13 312 
734 203 313 314 318 
735 203 312 313 318 
736 203 314 315 318 
737 203 315 316 318 
738 203 316 317 318 
739 203 317 312 318 
740 203 55 7 87 
741 203 56 55 87 
742 203 57 85 4 
743 203 88 3 38