1004	1864
1	65953.776801517	-9861.39162201	-9786.49178961
2	106436.94587712	-9553.890794749	-8537.72845065
3	65933.483043887	-8797.015693233	-9083.249918806001
4	155288.62312806	-30371.57787836	0
5	155288.62312818	-7380.715559573	0
6	16432.349753901	-25331.2850439	0
7	16432.34975938	-2467.503247903	0
8	211751.07815999	-25218.82733133	-2269.333616228
9	194776.81244227	-25259.00668341	-5138.375937514999
10	194684.95330582	-26207.70388764	-4898.520053372
11	215287.34676473	-30736.02020333	0
12	215287.3467451	-25568.39077341	0
13	211800.898413	-30794.37050446	0
14	160709.82542063	-30478.28834625	-640
15	160106.902587	-30496.06526011	0
16	-20282.84273617	-10661.72068292	0
17	-20282.8429567	-8771.163266886999	0
18	-11402.40626836	-16063.82469701	0
19	-11402.40627443	-4314.466908407	0
20	160709.82542063	-30920.264367	-640
21	160106.902587	-30920.264367	0
22	208556.15457449	-70070.62506872999	0
23	220805.95945745	-70070.62506872999	0
24	209049.69362012	-70070.62506872999	-639.9999999969999
25	167567.02459927	-34210.73907625	0
26	168164.54259195	-34210.73907625	-640.0000000079999
27	211800.898413	-30920.264367	0
28	212557.74777762	-34210.73907625	0
29	194776.81244224	-25392.98076769	-5892.424132200001
30	194608.22942646	-25454.69322685	-5881.459487939
31	194488.20150276	-25551.59092911	-5864.243372279
32	194409.67807896	-25666.496358	-5843.827767911
33	194369.62235967	-25780.45195681	-5823.580922805
34	194358.32780128	-25898.48983552	-5802.608766354
35	194376.08381507	-26017.80591815	-5781.409507445
36	194431.47209368	-26145.11188476	-5758.790661038
37	194531.03325771	-26262.35105663	-5737.960413318
38	194684.95330578	-26353.9580384	-5721.684316408
39	205851.9543351	-27561.15227647	-5507.198367984001
40	211751.07815982	-25848.18336054	-5811.546874798
41	208853.91838953	-25277.95756259	-5912.860662891
42	206747.34622654	-24993.69438782	-5963.366583769
43	218330.04408139	-32507.1331331	-42083.39026994
44	212101.21015906	-32210.79185362	-42136.04219411
45	212056.08584584	-32897.04442473	-42014.1134441
46	106436.94587712	-9553.890794749	-12000
47	65933.483043887	-8797.015693233	-12000
48	65953.776801517	-9861.39162201	-12000
49	104428.16986772	-9851.026353198	-12000
50	122470.65415056	-21771.36952842	-117881.5787548
51	122058.75545907	-21638.76700108	-117903.8093671
52	114242.64541028	-22129.39508447	-117821.5563069
53	114255.77130766	-21177.69061407	-117981.1081187
54	65953.776801517	-9861.39162201	9786.49178961
55	106436.94587712	-9553.890794749	8537.72845065
56	65933.483043887	-8797.015693233	9083.249918806001
57	16432.349753901	-25331.2850439	0
58	16432.34975938	-2467.503247903	0
59	155288.62312818	-7380.715559573	0
60	155288.62312806	-30371.57787836	0
61	211751.07815999	-25218.82733133	2269.333616228
62	194776.81244227	-25259.00668341	5138.375937514999
63	194684.95330582	-26207.70388764	4898.520053372
64	211800.898413	-30794.37050446	0
65	160709.82542063	-30478.28834625	640
66	160106.902587	-30496.06526011	0
67	215287.3467451	-25568.39077341	0
68	215287.34676473	-30736.02020333	0
69	-20282.84273617	-10661.72068292	0
70	-20282.8429567	-8771.163266886999	0
71	-11402.40627443	-4314.466908407	0
72	-11402.40626836	-16063.82469701	0
73	160709.82542063	-30920.264367	640
74	160106.902587	-30920.264367	0
75	208556.15457449	-70070.62506872999	0
76	220805.95945745	-70070.62506872999	0
77	209049.69362012	-70070.62506872999	639.9999999969999
78	168164.54259195	-34210.73907625	640.0000000079999
79	167567.02459927	-34210.73907625	0
80	211800.898413	-30920.264367	0
81	212557.74777762	-34210.73907625	0
82	194684.95330578	-26353.9580384	5721.684316408
83	194531.03325771	-26262.35105663	5737.960413318
84	194431.47209368	-26145.11188476	5758.790661038
85	194376.08381507	-26017.80591815	5781.409507445
86	194358.32780128	-25898.48983552	5802.608766354
87	194369.62235967	-25780.45195681	5823.580922805
88	194409.67807896	-25666.496358	5843.827767911
89	194488.20150276	-25551.59092911	5864.243372279
90	194608.22942646	-25454.69322685	5881.459487939
91	194776.81244224	-25392.98076769	5892.424132200001
92	211751.07815982	-25848.18336054	5811.546874798
93	205851.9543351	-27561.15227647	5507.198367984001
94	206747.34622654	-24993.69438782	5963.366583769
95	208853.91838953	-25277.95756259	5912.860662891
96	218330.04408139	-32507.1331331	42083.39026994701
97	212101.21015906	-32210.79185362	42136.04219411
98	212056.08584584	-32897.04442473	42014.113444107
99	65933.483043887	-8797.015693233	12000
100	106436.94587712	-9553.890794749	12000
101	65953.776801517	-9861.39162201	12000
102	104428.16986772	-9851.026353198	12000
103	122470.65415056	-21771.36952842	117881.5787548
104	122058.75545907	-21638.76700108	117903.80936719
105	114242.64541028	-22129.39508447	117821.55630698
106	114255.77130766	-21177.69061407	117981.10811877
107	74039.68995127981	-10751.3713877571	-10115.80010567965
108	82170.49922033044	-11165.6018110752	-10179.11634777542
109	90309.78348328212	-11101.74607407736	-9997.893663043827
110	98418.3442512258	-10561.51417796425	-9509.598794371319
111	98385.11147675068	-8534.605883365799	-7840.025285748071
112	90267.42078833516	-7946.633923091022	-7516.000109716201
113	82124.97529889955	-7795.228450342554	-7666.418408640916
114	74004.69901714027	-8080.067265107766	-8244.274371071404
115	65489.4429353296	-9326.004475519738	-9464.495438289814
116	155288.6231275141	-26982.21056766739	-8061.495786751027
117	155288.6231273251	-18876.14671041658	-11369.38520180153
118	155288.6231275987	-10770.08285202956	-8061.495792360256
119	145370.3178870487	-30011.55696161252	0.00006385780583943287
120	135452.0126460373	-29651.5360448654	0.00005575129024112844
121	125533.707405026	-29291.51512811829	0.00004764477464282403
122	115615.4021640146	-28931.49421137118	0.00003953825904451963
123	105697.0969230033	-28571.47329462407	0.00003143174344621521
124	95778.79168199192	-28211.45237787695	0.0000233252278479108
125	85860.48644098057	-27851.43146112984	0.00001521871224960638
126	75942.18119996921	-27491.41054438273	7.11219665130197e-6
127	66023.87595895791	-27131.38962763562	-9.94318947002399e-7
128	56105.57071794657	-26771.36871088851	-9.100834545306814e-6
129	46187.26547693519	-26411.3477941414	-0.00001720735014361124
130	36268.96023592379	-26051.32687739428	-0.00002531386574191569
131	26350.6549949124	-25691.30596064717	-0.00003342038134022014
132	16432.34975649574	-21968.71456261114	-8040.947898406765
133	16432.34975916601	-13899.39413354699	-11351.64565288105
134	16432.34976036315	-5830.073717596451	-8040.947863698052
135	26350.65500000857	-2818.446984450971	-1.264858236349069e-6
136	36268.96024063714	-3169.390720998922	-1.34265408506766e-6
137	46187.26548126571	-3520.334457546852	-4.815062007582498e-7
138	56105.57072189428	-3871.278194094763	1.07046861571706e-6
139	66023.87596252287	-4222.221930642656	3.065153563496141e-6
140	75942.18120315141	-4573.165667190529	5.254431841716835e-6
141	85860.48644378001	-4924.109403738389	7.390186649516983e-6
142	95778.79168440857	-5275.053140286231	9.224301186034416e-6
143	105697.0969250371	-5625.996876834057	0.00001050865865040697
144	115615.4021656657	-5976.940613381871	0.00001099514224177251
145	125533.7074062943	-6327.884349929671	0.00001043563515926891
146	135452.0126469229	-6678.828086477459	8.582020602034092e-6
147	145370.3178875514	-7029.771823025234	5.186181769206012e-6
148	203308.6158836367	-24400.12586506266	-3984.70143873992
149	194360.197338833	-25711.62078699243	-5080.533527938921
150	203322.6698613939	-27439.44288354422	-3518.958812482715
151	215287.3467442925	-28152.20594046038	-1273.966962439318
152	213544.1447954903	-30766.52296651118	0.000440008782416805
153	203300.5652338819	-30708.81554028927	-618.729024228167
154	194787.5922020144	-30647.80421634097	-1032.882874484147
155	186266.9355158784	-30622.41700419112	-1242.205100718744
156	177743.6766774142	-30610.21983628746	-1246.384096791104
157	169222.8536220288	-30575.25815624646	-1045.609123849851
158	160281.4488464581	-30483.27516096604	-439.6070459865271
159	157697.7183818652	-30435.54486183969	0.00002645897120197091
160	164289.4570094238	-8661.909838854379	2.012493919689582e-12
161	173200.1307046918	-10465.75370770263	1.377940290247767e-12
162	182020.7253089697	-12671.65730200853	-1.488848202843216e-13
163	190776.8610832841	-15121.59081081962	-1.687333677180012e-13
164	199463.3881474836	-17807.5069552341	-1.158979995236205e-13
165	208025.842627422	-20862.73514789522	6.857697815729154e-14
166	-20282.842860788	-9716.441561414333	-228.6954330165384
167	-20282.84284643778	-9716.4419749035	0
168	-11402.40622324948	-10189.14578408301	-5217.94076873612
169	-16214.11993706855	-13915.17105084992	3.073232457608422e-6
170	-16171.92777246288	-5980.155133831188	-6.354977991481399e-13
171	6474.621692943404	-24210.25176178	0
172	-3112.036008173658	-21292.53559022634	0
173	-2265.09022324431	-2466.084745981949	3.669483826785113e-15
174	7083.579941098298	-2445.883884173404	-4.282823791397639e-13
175	215287.3467549187	-28152.20548837	0
176	160281.4514993923	-30920.264367	-439.609870720744
177	214681.05701597	-70070.62506872999	0
178	208693.9790670309	-70070.62506876	-403.9900774628109
179	214977.9936461808	-70070.62506872999	-1241.546851724524
180	202381.1650107904	-63263.06201950816	8.433232524963867e-15
181	196745.5804425833	-56002.36743423315	2.89485891761186e-14
182	190671.1765090523	-49115.60798445581	3.39336894422116e-14
183	183470.3439819749	-43421.57734525306	6.05219349009313e-14
184	175617.5901211307	-38647.21794068826	-6.71281265339606e-14
185	167739.6228754103	-34210.73907625	-437.7864067049558
186	176202.1219478794	-38645.57834196639	-640.0000000209495
187	184042.18650189	-43417.3951605963	-640.0000000227698
188	191230.8431425301	-49107.20658715681	-640.0000000071585
189	197291.6713450673	-55989.62944983588	-639.9999999778817
190	202903.4570211406	-63253.42883560778	-639.9999999684046
191	163836.963593135	-32565.501721625	2.879912020664997e-14
192	203300.3502024368	-30920.26436699296	-618.7419832707956
193	194787.3806385309	-30920.26436699037	-1032.890373270693
194	186266.9140608961	-30920.26436699	-1242.205369477986
195	177743.8778665151	-30920.26436699037	-1246.388370772675
196	169223.2053859986	-30920.26436699296	-1045.614456389352
197	203697.4175140997	-34210.73907625	-717.9404432394076
198	194818.1309642239	-34210.73907625	-1141.214850550634
199	185929.6850566246	-34210.73907625	-1269.35620365059
200	177041.8868258786	-34210.73907625	-1102.223118241876
201	218743.9065374839	-61105.65357061197	2.821119797974599e-11
202	216681.8536175303	-52140.68207249109	1.389203348250173e-11
203	214619.8006975766	-43175.71057437019	-4.271310147425511e-13
204	194689.7319063628	-25416.45011442915	-5888.25426048105
205	194544.4450863573	-25498.6149228182	-5873.655783823289
206	194444.8879999374	-25606.35977497258	-5854.512421358789
207	194386.1604990851	-25722.28451849564	-5833.915712195909
208	194360.4357134533	-25839.14225518807	-5813.15323524098
209	194363.5642301944	-25958.67365495637	-5791.915720266253
210	194399.2927421786	-26083.35108053369	-5769.76389490774
211	194476.6839293707	-26207.49264160968	-5747.707278261143
212	194603.849283398	-26314.9039964142	-5728.623169317056
213	200189.3355340866	-27666.99695166547	-5488.392615600496
214	208862.2609606506	-26907.19372157817	-5621.924670579941
215	210307.6421165515	-25537.73620117978	-5866.704985556071
216	207802.47260708	-25121.86529377888	-5936.459144557595
217	200747.4030830207	-24766.82042805976	-6003.675984423229
218	213395.8196402089	-27512.92080368186	-14879.50772358383
219	215040.5611206	-29177.65824681999	-23947.46857236996
220	216685.3026009911	-30842.39568995811	-33015.42942115603
221	215229.8346726275	-32069.47080997699	-42161.15117096614
222	211795.0464431373	-32535.84067706922	-42078.28970099142
223	208581.8593378288	-31588.42714746584	-34755.62761856087
224	205107.6328298171	-30279.80987020224	-27497.14179302192
225	201633.4063218053	-28971.19259293864	-20238.65596748297
226	198159.1798137935	-27662.57531567504	-12980.17014194401
227	215226.271563339	-33220.05619606222	-41956.72288352575
228	98375.81261338512	-8533.695748801518	-12000
229	90271.59892866014	-7946.84996000558	-12000
230	82147.58385628107	-7795.039119585912	-12000
231	74027.10330827208	-8078.699298178224	-12000
232	65489.53855538284	-9337.861519849888	-12000
233	75549.28730618324	-10864.50648651377	-12000
234	85191.33362558935	-11197.67919093682	-12000
235	94833.19847252789	-10859.29545917842	-12000
236	105433.0997617391	-9706.121600133425	-12000
237	122265.1519914267	-21703.71715850093	-117892.920571891
238	118379.8101020943	-22468.09331817948	-117764.7740645125
239	113853.147937786	-21648.22971924912	-117902.2229507335
240	118185.7307256787	-20939.63465131542	-118021.0178429395
241	106388.1782612475	-10645.50186417847	-21759.02124056839
242	106339.4106453729	-11737.11293360728	-31518.04248113686
243	107849.2786252258	-12836.71107696816	-41142.53105043068
244	109625.4632294534	-13936.96806748162	-50737.69084001492
245	111401.6478336818	-15037.22505799459	-60332.8506295991
246	113177.8324379111	-16137.48204850738	-69928.01041918315
247	114954.0170421411	-17237.73903902031	-79523.17020876706
248	116730.201646372	-18337.9960295337	-89118.32999835072
249	118506.3862506038	-19438.25302004789	-98713.48978793409
250	120282.5708548365	-20538.51001056322	-108308.6495775172
251	71748.0861879676	-9740.501443706285	-19815.86569873518
252	76730.05507900729	-10733.67534428793	-28185.24074251667
253	81154.83798429182	-11753.28522933944	-36861.08800136014
254	85258.93503717867	-12785.88301749085	-45692.4080076894
255	89154.4927120944	-13826.00675781872	-54616.93932083331
256	92891.68728306232	-14871.43259322412	-63608.40493801545
257	96514.84497334488	-15920.47009775703	-72646.05861069824
258	100064.2807642579	-16971.76572538036	-81712.68838603876
259	103577.5268615846	-18024.17259141892	-90793.28786364177
260	107090.4169697139	-19076.65034571058	-99874.0171493794
261	110638.0639185617	-20128.18099822778	-108941.3210210103
262	104618.1680281947	-10931.46864950626	-21788.72067956388
263	104803.7419646284	-12011.87448799081	-31577.5305621673
264	106550.650876346	-13096.29255250609	-41195.61321475549
265	108543.0818706349	-14180.66708314692	-50780.85510668768
266	110534.2092292282	-15265.04938283618	-60366.36720217838
267	112524.3389169197	-16349.43698322678	-69952.08572855967
268	114513.7749630363	-17433.82747097457	-79537.94803237604
269	116502.8210212852	-18518.21839125604	-89123.89113701711
270	118491.780625596	-19602.60732921992	-98709.85244848309
271	120480.957190765	-20686.9918524517	-108295.7692325532
272	74039.68995127972	-10751.37138775709	10115.80010568425
273	82170.49922033038	-11165.6018110752	10179.11634778092
274	90309.78348328218	-11101.74607407736	9997.893663048522
275	98418.34425122572	-10561.51417796426	9509.598794371324
276	98385.11147675068	-8534.605883365799	7840.025285748071
277	90267.42078833516	-7946.633923091022	7516.000109716201
278	82124.97529889955	-7795.228450342554	7666.418408640916
279	74004.69901714027	-8080.067265107766	8244.274371071404
280	65489.4429353296	-9326.004475519738	9464.495438289814
281	16432.34975649574	-21968.71456261114	8040.947898406765
282	16432.34975916601	-13899.39413354699	11351.64565288105
283	16432.34976036315	-5830.073717596451	8040.947863698052
284	26350.65500000857	-2818.446984450971	-1.264858236349069e-6
285	36268.96024063714	-3169.390720998922	-1.34265408506766e-6
286	46187.26548126571	-3520.334457546852	-4.815062007582498e-7
287	56105.57072189428	-3871.278194094763	1.07046861571706e-6
288	66023.87596252287	-4222.221930642656	3.065153563496141e-6
289	75942.18120315141	-4573.165667190529	5.254431841716835e-6
290	85860.48644378001	-4924.109403738389	7.390186649516983e-6
291	95778.79168440857	-5275.053140286231	9.224301186034416e-6
292	105697.0969250371	-5625.996876834057	0.00001050865865040697
293	115615.4021656657	-5976.940613381871	0.00001099514224177251
294	125533.7074062943	-6327.884349929671	0.00001043563515926891
295	135452.0126469229	-6678.828086477459	8.582020602034092e-6
296	145370.3178875514	-7029.771823025234	5.186181769206012e-6
297	155288.623127514	-26982.21056766811	8061.495786753148
298	155288.6231273251	-18876.14671041658	11369.38520180552
299	155288.6231275988	-10770.08285202887	8061.495792362395
300	145370.3178870487	-30011.55696161252	0.00006385780583943287
301	135452.0126460373	-29651.5360448654	0.00005575129024112844
302	125533.707405026	-29291.51512811829	0.00004764477464282403
303	115615.4021640146	-28931.49421137118	0.00003953825904451963
304	105697.0969230033	-28571.47329462407	0.00003143174344621521
305	95778.79168199192	-28211.45237787695	0.0000233252278479108
306	85860.48644098057	-27851.43146112984	0.00001521871224960638
307	75942.18119996921	-27491.41054438273	7.11219665130197e-6
308	66023.87595895791	-27131.38962763562	-9.94318947002399e-7
309	56105.57071794657	-26771.36871088851	-9.100834545306814e-6
310	46187.26547693519	-26411.3477941414	-0.00001720735014361124
311	36268.96023592379	-26051.32687739428	-0.00002531386574191569
312	26350.6549949124	-25691.30596064717	-0.00003342038134022014
313	203308.6158836367	-24400.12586506266	3984.70143873992
314	194360.197338833	-25711.62078699243	5080.533527938921
315	203322.6698613939	-27439.44288354422	3518.958812482715
316	203300.5652338819	-30708.81554028927	618.729024228167
317	194787.5922020144	-30647.80421634097	1032.882874484147
318	186266.9355158784	-30622.41700419112	1242.205100718744
319	177743.6766774142	-30610.21983628746	1246.384096791104
320	169222.8536220288	-30575.25815624646	1045.609123849851
321	160281.4488464581	-30483.27516096604	439.6070459865271
322	157697.7183818652	-30435.54486183969	0.00002645897120197091
323	164289.4570094238	-8661.909838854379	2.012493919689582e-12
324	173200.1307046918	-10465.75370770263	1.377940290247767e-12
325	182020.7253089697	-12671.65730200853	-1.488848202843216e-13
326	190776.8610832841	-15121.59081081962	-1.687333677180012e-13
327	199463.3881474836	-17807.5069552341	-1.158979995236205e-13
328	208025.842627422	-20862.73514789522	6.857697815729154e-14
329	215287.3467442925	-28152.20594046038	1273.966962439318
330	213544.1447954903	-30766.52296651118	-0.000440008782416805
331	-20282.842860788	-9716.441561414333	228.6954330165384
332	-20282.84284643778	-9716.4419749035	0
333	-16171.92777246288	-5980.155133831188	-6.354977991481399e-13
334	-11402.40622324948	-10189.14578408312	5217.940768740238
335	-16214.11993706855	-13915.17105084992	3.073232457608422e-6
336	-2265.09022324431	-2466.084745981949	3.669483826785113e-15
337	7083.579941098298	-2445.883884173404	-4.282823791397639e-13
338	6474.621692943404	-24210.25176178	0
339	-3112.036008173658	-21292.53559022634	0
340	215287.3467549187	-28152.20548837	0
341	160281.4514993923	-30920.264367	439.609870720744
342	214681.05701597	-70070.62506872999	0
343	214977.9936461808	-70070.62506872999	1241.546851724524
344	208693.9790670309	-70070.62506876	403.9900774628109
345	167739.6228754103	-34210.73907625	437.7864067049558
346	176202.1219478794	-38645.57834196639	640.0000000209495
347	184042.18650189	-43417.3951605963	640.0000000227698
348	191230.8431425301	-49107.20658715681	640.0000000071585
349	197291.6713450673	-55989.62944983588	639.9999999778817
350	202903.4570211406	-63253.42883560778	639.9999999684046
351	202381.1650107904	-63263.06201950816	8.433232524963867e-15
352	196745.5804425833	-56002.36743423315	2.89485891761186e-14
353	190671.1765090523	-49115.60798445581	3.39336894422116e-14
354	183470.3439819749	-43421.57734525306	6.05219349009313e-14
355	175617.5901211307	-38647.21794068826	-6.71281265339606e-14
356	163836.963593135	-32565.501721625	2.879912020664997e-14
357	203300.3502024368	-30920.26436699296	618.7419832707956
358	194787.3806385309	-30920.26436699037	1032.890373270693
359	186266.9140608961	-30920.26436699	1242.205369477986
360	177743.8778665151	-30920.26436699037	1246.388370772675
361	169223.2053859986	-30920.26436699296	1045.614456389352
362	203697.4175140997	-34210.73907625	717.9404432394076
363	194818.1309642239	-34210.73907625	1141.214850550634
364	185929.6850566246	-34210.73907625	1269.35620365059
365	177041.8868258786	-34210.73907625	1102.223118241876
366	218743.9065374839	-61105.65357061197	2.821119797974599e-11
367	216681.8536175303	-52140.68207249109	1.389203348250173e-11
368	214619.8006975766	-43175.71057437019	-4.271310147425511e-13
369	194603.849283398	-26314.9039964142	5728.623169317056
370	194476.6839293707	-26207.49264160968	5747.707278261143
371	194399.2927421786	-26083.35108053369	5769.76389490774
372	194363.5642301944	-25958.67365495637	5791.915720266253
373	194360.4357134533	-25839.14225518807	5813.15323524098
374	194386.1604990851	-25722.28451849564	5833.915712195909
375	194444.8879999374	-25606.35977497258	5854.512421358789
376	194544.4450863573	-25498.6149228182	5873.655783823289
377	194689.7319063628	-25416.45011442915	5888.25426048105
378	208862.2609606506	-26907.19372157817	5621.924670579941
379	200189.3355340866	-27666.99695166547	5488.392615600496
380	200747.4030830207	-24766.82042805976	6003.675984423229
381	207802.47260708	-25121.86529377888	5936.459144557595
382	210307.6421165515	-25537.73620117978	5866.704985556071
383	213395.8196402089	-27512.92080368182	14879.50772358558
384	215040.5611206002	-29177.65824682024	23947.46857237332
385	216685.3026009917	-30842.39568995866	33015.42942116103
386	215229.8346726273	-32069.47080997698	42161.15117096614
387	211795.0464431373	-32535.8406770691	42078.28970099244
388	208581.8593378279	-31588.4271474655	34755.62761856697
389	205107.6328298156	-30279.8098702017	27497.14179302692
390	201633.4063218033	-28971.1925929379	20238.65596748686
391	198159.179813791	-27662.57531567409	12980.1701419468
392	215226.271563339	-33220.05619606221	41956.72288352975
393	98375.81261338512	-8533.695748801518	12000
394	90271.59892866014	-7946.84996000558	12000
395	82147.58385628107	-7795.039119585912	12000
396	74027.10330827208	-8078.699298178224	12000
397	65489.53855538284	-9337.861519849888	12000
398	105433.0997617391	-9706.121600133425	12000
399	75549.28730618324	-10864.50648651377	12000
400	85191.33362558935	-11197.67919093682	12000
401	94833.19847252789	-10859.29545917842	12000
402	122265.1519914251	-21703.7171585004	117892.9205719011
403	118379.8101020924	-22468.09331817956	117764.7740645825
404	113853.147937786	-21648.229719248	117902.2229507737
405	118185.7307256776	-20939.63465131536	118021.0178429495
406	106388.1782612475	-10645.50186417867	21759.02124057643
407	106339.4106453728	-11737.11293360876	31518.0424811528
408	107849.2786252292	-12836.7110769703	41142.53105045421
409	109625.4632294584	-13936.96806748468	50737.69084004629
410	111401.6478336881	-15037.22505799847	60332.85062963831
411	113177.8324379183	-16137.48204851185	69928.01041923031
412	114954.0170421488	-17237.73903902503	79523.17020882228
413	116730.2016463793	-18337.99602953823	89118.32999841424
414	118506.3862506098	-19438.25302005164	98713.48978800615
415	120282.5708548401	-20538.5100105655	108308.6495775981
416	71748.08618796791	-9740.501443706346	19815.86569874172
417	76730.05507901113	-10733.67534428877	28185.2407425273
418	81154.8379842986	-11753.28522934109	36861.08800137523
419	85258.93503718651	-12785.88301749289	45692.40800770986
420	89154.49271210321	-13826.00675782113	54616.93932085914
421	92891.68728307182	-14871.43259322683	63608.40493804671
422	96514.84497335472	-15920.47009775991	72646.05861073514
423	100064.2807642675	-16971.76572538324	81712.68838608149
424	103577.5268615934	-18024.17259142156	90793.28786369073
425	107090.416969721	-19076.65034571271	99874.01714943498
426	110638.063918566	-20128.18099822904	108941.3210210728
427	104618.1680281946	-10931.46864950586	21788.72067956393
428	104803.7419646284	-12011.87448799058	31577.53056216735
429	106550.6508763451	-13096.29255250557	41195.61321475572
430	108543.0818706339	-14180.66708314641	50780.8551066879
431	110534.2092292272	-15265.04938283568	60366.3672021786
432	112524.3389169188	-16349.43698322628	69952.08572855988
433	114513.7749630354	-17433.82747097409	79537.94803237627
434	116502.8210212844	-18518.2183912556	89123.89113701732
435	118491.7806255954	-19602.60732921957	98709.85244848326
436	120480.9571907646	-20686.99185245148	108295.7692325532
437	52826.07361032295	-18721.39497178967	-10807.05918283743
438	59631.71672216856	-12844.11202606855	-11059.47283299852
439	68124.84743006306	-19995.04304322794	-10550.81656818482
440	62687.64065971867	-11749.82691903876	-10711.84055746595
441	60552.62196712662	-5242.461282848008	-5089.259069934726
442	123098.498502197	-17920.38773928295	-11363.91154738803
443	138180.4171966081	-20055.50313589257	-11227.70634520928
444	32761.63641760397	-16899.44968670733	-11097.57825724687
445	51845.6654863684	-9283.028619904617	-9740.121080711478
446	63124.56731096062	-8033.405655189816	-8549.884891293383
447	57565.3665185838	-8759.321720409866	-9270.207526005162
448	67476.06072377074	-15047.2715036268	-11338.22194266021
449	40674.52035344905	-15446.86753310025	-11334.93939446893
450	61785.76287645571	-21241.86448257036	-9840.94191386653
451	108150.1439037379	-21875.50180413486	-10371.53088825147
452	65547.12316457005	-12532.71753837304	-10926.3971795732
453	63533.31845154519	-15857.69691272228	-11354.82366669983
454	95340.74725881721	-22040.67988018067	-10068.76066909683
455	63276.81883002418	-9730.892428313222	-9765.554753935105
456	64606.05438604569	-10547.67305253231	-10180.56733980462
457	81318.80635505602	-23248.01975973768	-8977.341565911696
458	129814.8221920561	-10934.11347585196	-8988.07111262849
459	68810.51860507799	-12335.79819983476	-10833.93250999811
460	25549.96631159864	-9663.730633530417	-10410.5664087062
461	35795.87415086152	-8523.152048312893	-9623.756899990593
462	147142.5699701223	-14951.1491142634	-10785.42560376237
463	129721.448323938	-25219.04562902797	-8807.119937007195
464	65987.94655582751	-5763.857768141348	-5693.038150714145
465	147113.7953481294	-23410.66863568637	-10316.83913052751
466	116771.1081279928	-10601.56623149421	-9085.809754185799
467	46679.99872769348	-22091.54937302862	-8900.239051472401
468	139389.8158618257	-10940.05472496811	-8723.026098861103
469	38092.11806457295	-22462.96882433746	-8319.30015530731
470	45072.30402486931	-7010.660633879556	-8202.328935452053
471	88866.39079380318	-18614.87390112515	-11164.79915516597
472	120482.498456768	-26457.42649354729	-7263.77387083697
473	24418.36521664524	-18782.25417048028	-10395.50379014331
474	69496.7917598117	-6836.328094832983	-7071.52588559011
475	140916.7764413188	-27283.58433968429	-7161.007402832834
476	102156.6037932581	-17325.55181992169	-11357.48887290308
477	55718.08643643017	-23839.76145251799	-7573.498952089663
478	102705.8932002188	-25928.66030472114	-7123.361663720287
479	54805.44381508691	-13455.65891572237	-11212.03300069254
480	75038.21810946333	-17831.50834979233	-11212.8109191961
481	88734.3703087315	-25483.60131306195	-7046.809423619247
482	110252.3053891608	-14590.39694002522	-11051.0999419794
483	72296.42607139335	-24854.97865496159	-7087.427228030429
484	48592.63928217819	-14513.18719942604	-11343.40138389082
485	30372.9988531992	-23744.19051216601	-6546.212498796205
486	29684.01880949808	-4831.200955045766	-6258.024527093875
487	111053.3993029757	-26508.95952408048	-6767.231595390146
488	70749.40767924205	-4979.365923459503	-3598.3314428645
489	53064.60867606607	-5381.30873874051	-5819.489741072757
490	148567.8115932228	-9181.473145612632	-6463.606000148975
491	63839.69381755684	-24989.67997428815	-6501.33927014867
492	57968.45568144601	-17874.90242982291	-11085.60948418983
493	123414.9317586525	-8442.328022046826	-6675.49778316862
494	131858.8356344562	-17178.79429250451	-11334.75560157416
495	94795.21395480931	-15693.20333122742	-11317.11283039555
496	23152.06666240619	-23797.80091207037	-6078.300591700009
497	23007.82409169978	-4444.798589065069	-6026.713693865953
498	148916.0958116282	-28549.53222154391	-5770.622525870241
499	60889.04205027017	-10170.83886048106	-10056.48857086447
500	111507.8327255978	-7330.067964291387	-5614.507842496243
501	115014.2042552507	-20161.00371934186	-11038.23012239202
502	70986.47275774273	-15562.68565438467	-11355.24023835577
503	187618.8447275083	-19680.79560944823	-5925.601932122851
504	191562.5427368533	-23032.3286589427	-5776.840546600242
505	176522.7655240474	-21050.80585465649	-7960.304311799104
506	165207.7495343887	-26630.90301490387	-7446.646158979839
507	190435.1510390128	-28603.78432348612	-3929.647098219072
508	158504.6805984568	-29267.15765199268	-4759.80510284453
509	208165.2261495728	-28236.18304012241	-2583.145462212241
510	192322.8256976264	-27447.80643222483	-4580.04035706335
511	166165.7262499817	-15824.83104275723	-8921.997755153305
512	198321.7205463768	-29270.59995998958	-2827.962038139704
513	195658.1359837953	-18643.65858937702	-3459.481771178798
514	193264.0940541725	-24846.40440791533	-5397.932378867036
515	196350.2703955866	-21364.2702244238	-4724.276662082068
516	186854.2974781181	-25235.80725958272	-6026.08288156977
517	211408.0585710622	-28698.0044798746	-1910.321423355394
518	163337.4869390602	-29334.78359059829	-4458.498715186573
519	158529.0555835915	-30206.60689851256	-2164.512375566868
520	209495.0538297579	-29857.66780715154	-1433.799057294303
521	194680.6956055176	-28969.79580699948	-3339.150205910034
522	191202.655893264	-25901.78343738495	-5361.296764847226
523	160574.9111104086	-30241.3334671079	-2122.450832580458
524	163441.6973262132	-30264.45005433747	-2149.131887029727
525	213481.7784252343	-29383.74797979852	-1321.824691522289
526	207490.0442398853	-30195.78486899306	-1248.913785208404
527	197440.3237376066	-27794.83924905559	-3948.433432813015
528	181910.3437672159	-16384.90786756247	-5677.983832035889
529	194220.7803808216	-23002.15734286198	-5380.840943554697
530	197900.4156752549	-23291.28543963134	-4816.38455888409
531	192248.2003097367	-19119.30177183168	-4706.439071497052
532	213473.5159460099	-27253.65330452647	-1858.39527677805
533	180186.4092464471	-26554.42454572179	-6103.012291676224
534	199941.938846982	-20912.70094111196	-3728.263727819136
535	172917.1799910861	-26882.84411221376	-6540.939512458499
536	172373.8963712765	-13437.37158861791	-6088.807893311459
537	194070.208166708	-27375.37084460022	-4468.824554251436
538	193374.1386276463	-26518.91602639256	-4920.40687500418
539	195286.6448554164	-27597.99545637813	-4244.798120599215
540	169500.1350402643	-21457.18173198389	-8995.02485509888
541	162264.1055726241	-10744.76740775558	-6299.856846144186
542	161360.6944661844	-22386.90301387463	-9997.297246117574
543	182231.4799012833	-21799.56389322098	-7114.32527234577
544	159406.7524736423	-30418.77124673503	-973.4565429261809
545	160124.5933009807	-15112.38439328813	-9855.02050103773
546	205688.9546531968	-29067.28100643891	-2403.359662260406
547	-17718.3701574219	-9884.845434549197	-1808.176123635218
548	-17154.65612614674	-11930.98435116942	-1564.07491025321
549	-13715.03812758887	-7116.656081001833	-3094.984126017451
550	-14400.14572485498	-11865.91710647794	-3326.885544026038
551	1315.767431134902	-6044.553742717773	-6723.052587651642
552	1487.171031628265	-14968.4352496534	-8569.92203657924
553	8865.665912160423	-10656.8413022339	-9717.857229172458
554	-5666.278161363585	-17091.93215380101	-5433.164125608342
555	8853.816848782964	-19951.61193196746	-8120.688789421331
556	-6864.676797203747	-5610.360538672228	-4761.974460924501
557	10341.51323193476	-4491.04803024105	-5907.37142466494
558	-4109.055543590955	-10988.37087452487	-7408.316869605373
559	1981.542593978758	-20859.73797931917	-5375.833271373361
560	11920.43252091391	-23922.11999064265	-4434.429534318504
561	160152.4890895641	-30706.98931833716	-237.2196049369505
562	160473.8242039009	-30701.04850919038	-579.5361702449351
563	164491.0415562879	-32737.82340044782	-518.1433905906673
564	165085.6047884852	-32938.19827768633	-595.6868726188104
565	166727.1979386191	-33707.94187581706	-543.0893857273966
566	207553.2545949987	-30857.31743572995	-334.8834640140316
567	199045.5711308289	-30810.1976567722	-851.3773887430522
568	190527.9314706948	-30780.72250985365	-1163.172469197417
569	182005.2539688009	-30771.03345130068	-1269.933069078251
570	173482.476743354	-30768.00802640349	-1171.597330305999
571	164964.525012733	-30752.10523732852	-868.3775821887641
572	201633.2425609152	-48234.13992758629	-1266.501546002888
573	206976.8630134268	-55723.61489308447	-1252.177801217764
574	212283.3029723683	-62075.78056116956	-1133.878471041433
575	207223.8947596978	-42221.67708249069	-783.1027085583555
576	181737.9095055108	-37800.43486707108	-1072.926993409096
577	197436.3724592607	-40703.39272943536	-1231.318962168298
578	190060.4525356841	-38424.51044381937	-1265.349260878742
579	209356.6944126705	-48381.09694059906	-866.0531701884162
580	217472.0459864028	-65945.99797377834	-616.389257896994
581	190364.4935116105	-33312.82586911039	-1224.68296032914
582	199206.142708886	-33730.11055441583	-949.770574699607
583	181192.5197935358	-33561.37749426658	-1235.817417798478
584	208250.2654224996	-33896.5533342359	-375.1559872721811
585	172772.5630563292	-33791.26980179786	-958.9150478404264
586	174777.2725018392	-32403.68711746212	-1136.010228899381
587	205881.2951335761	-32396.06896788884	-501.6193995907493
588	207241.3125893567	-31220.9914654079	-366.4496634426801
589	173586.8238660196	-31122.4507916212	-1165.546682378017
590	182216.1931005466	-32267.98410903528	-1266.253411423521
591	198177.6089634969	-32596.46273843114	-953.9994410221151
592	192758.8721087781	-32742.64176182801	-1156.017634034865
593	201523.5130898691	-32944.90152499299	-797.8219157340346
594	210345.353206891	-33101.20475917721	-175.4751661599446
595	179048.67340659	-32975.18729500588	-1215.381533758515
596	194428.4839464267	-26062.28626252997	-5321.249270724761
597	194358.5003684185	-25807.71148123017	-5464.143654521762
598	194481.187344324	-25491.67442736059	-5481.315171300897
599	194643.519933988	-26284.34946260045	-5432.977347080843
600	194732.7425250483	-25354.65194212197	-5619.626917505771
601	194397.5397817003	-25653.59532212152	-5617.840136631421
602	194386.5389163223	-26011.87219007011	-5555.443778802024
603	194491.6075339661	-26190.23031831	-5553.015871199522
604	194595.2786267691	-25434.61407445693	-5723.144660886749
605	194359.0669658351	-25892.1994569856	-5669.124366628716
606	194364.1517169768	-25788.63910196178	-5700.054952613614
607	194481.1145293852	-25533.44314812936	-5715.918319975599
608	194414.2937633205	-26093.76981851132	-5645.919814034552
609	194597.4612630281	-26286.28707111821	-5589.999800906179
610	194394.1810070324	-25682.32090149559	-5732.412194416472
611	194685.4519850911	-25395.30557299965	-5760.023015602823
612	194560.6718955998	-26269.82504665513	-5641.934509020114
613	194644.1198884683	-25421.79638305259	-5806.633195107676
614	194376.9139803573	-26002.54634084425	-5678.528253889548
615	197394.294801006	-27111.48306687494	-5162.51764632117
616	208113.5184070986	-26796.4056380221	-3817.354640604342
617	197708.8794104543	-24906.42593349109	-5562.91566927568
618	209581.9512455733	-24980.66326496791	-3522.339704262025
619	207090.3963001677	-24657.10103533913	-3842.756870879203
620	210632.0760672197	-25317.26469472977	-4247.397684649967
621	204986.1107895629	-24582.51685577716	-4551.343297347371
622	207583.4437840302	-26266.03006201897	-12886.98444449332
623	194622.081276333	-25764.64230949482	-6296.804987727912
624	210739.5114762709	-26225.35005776865	-9926.838650609934
625	211034.7263999626	-31431.70488619941	-38482.74606724559
626	214469.6324122115	-31588.08893191873	-39774.02640337511
627	208218.9877697866	-25767.17031790498	-9555.156780862391
628	203595.1205611117	-25480.15622444114	-9648.877592603852
629	211831.1525962989	-31816.4177311469	-40426.84125260338
630	207867.9763908846	-27777.57136369722	-20983.19622338468
631	202578.4553603506	-26800.12432935795	-15593.01298665015
632	208324.8748389987	-25425.67065434252	-7365.972196810006
633	209834.2095395231	-25671.98999054841	-7372.921437779471
634	210137.0095672151	-29330.03972332458	-28686.86579094802
635	213517.0753573411	-31833.47195244826	-41047.76109184425
636	207533.2251914051	-28558.46062319602	-11924.67067793697
637	213388.8975623538	-32530.37157106593	-37244.01018582188
638	202451.6002703409	-28427.74574103112	-10183.54979086082
639	208805.8362288264	-30101.87789487479	-21147.13474028619
640	216548.6842382283	-32062.45525401324	-37630.09444016231
641	211210.6630303402	-31326.93461504289	-29286.6176134765
642	210952.698892632	-27084.15588740755	-9275.484777572772
643	214030.3038851965	-32614.5644292147	-42064.30259498527
644	212238.3364794864	-32574.29436033656	-42071.45750904547
645	213133.5959386758	-32349.74587148327	-42111.35377785361
646	213199.6843210725	-32664.43683348426	-42055.44160032366
647	212668.2067245738	-32449.8172297317	-42093.57377033246
648	69975.48001043436	-8383.625216560904	-10541.62495947661
649	102413.2151852658	-8989.778675702255	-10268.864225325
650	78085.44288305703	-7882.456949215935	-10097.78661838545
651	94327.63800206591	-8185.969592820853	-9910.875061106559
652	86210.60861935408	-7816.508596624306	-9811.978901246148
653	65499.09140453027	-9226.046221871027	-10735.57694180383
654	65908.53178145927	-9853.080856358743	-10893.24589479379
655	65720.25385509536	-8885.384535761637	-10083.37595263699
656	65491.10859714476	-9369.957713682346	-11282.96236361334
657	65536.77538700598	-9106.710028502188	-11298.5348218029
658	65509.4913022554	-9473.23232685895	-10196.15403630814
659	65655.92876016175	-9717.14590515532	-11465.79034243382
660	65517.12323763604	-9498.102378868476	-10739.52020828108
661	65644.67220331238	-9706.061572036224	-10346.20457650509
662	70367.05789407245	-10406.66587574722	-10924.42601850161
663	104360.2284311322	-9860.517727249447	-10085.30474195001
664	102143.1097654121	-10152.52174462096	-10208.05279853972
665	116744.7957374984	-21675.74741546875	-117897.6096528232
666	114446.4503298198	-21669.51954206607	-117898.6537446613
667	115565.9892643372	-21337.01390150901	-117954.3978120837
668	115692.5014395543	-21768.26293744184	-117882.0995650313
669	114990.1780853429	-21488.12174877356	-117929.0648101283
670	90624.89544473043	-9740.67460133429	-27532.56164314077
671	95287.18455851077	-11183.55502595441	-38897.7488606243
672	98319.47080973999	-12341.24502893587	-48188.38335784339
673	100706.9422690639	-13484.5936558564	-57573.46049908367
674	85971.10514860887	-8826.831547566535	-20251.62010226457
675	94592.391594032	-9021.694718295446	-19464.0913089418
676	116204.993064083	-20273.38216723991	-112773.7073986708
677	103022.5335362553	-14526.99179252411	-66066.12693292918
678	79003.36813253775	-9014.81970503787	-19676.75774707948
679	105399.6911588812	-15662.33130092822	-75344.60524402857
680	119975.5102543758	-20801.51307420908	-113292.6093164072
681	108014.526267184	-16808.31400415474	-84655.09763956319
682	100888.5632669547	-9543.888637255252	-18712.54421281498
683	98199.50785309036	-10328.18290016297	-28612.39963341859
684	88956.98002651392	-10765.95846750979	-35353.78357330266
685	110098.2572904308	-17753.26649240848	-92348.43847441858
686	83959.82741262963	-9853.072958355782	-27210.43191072436
687	101491.8560064106	-11613.62894316131	-37807.80516518186
688	92018.00266541485	-11895.86882061467	-44350.68638166373
689	68611.54992209359	-10065.22122245747	-15829.71439462381
690	85990.0780913346	-12644.26952725469	-26347.43539238849
691	112737.0004335285	-21694.45910670507	-114363.284619731
692	97806.79311686695	-12118.2976361245	-24836.86247210607
693	117238.7709372799	-22174.96117112587	-114935.1356273067
694	90482.42525906512	-14026.14237699927	-39409.83615902211
695	93277.218383679	-14847.0533937674	-47045.83604263634
696	79087.39828972347	-11683.04958835399	-20128.79372057447
697	98305.96676214272	-15840.18729424352	-55607.33729951963
698	101347.5734643142	-16883.18056256297	-65380.61857221017
699	104583.3543375709	-17914.11695125224	-75012.10016713993
700	107126.7412590456	-18877.19608843139	-84048.2519417727
701	120411.0461821808	-21544.34783226111	-113351.8051027675
702	98343.49133946448	-11253.91911984249	-17883.62035379249
703	90035.73924049623	-11839.60832444017	-18403.02405486924
704	98944.28553877353	-13764.66998864374	-38805.64695422012
705	109330.0064456605	-19747.03533500888	-92236.47140211347
706	92504.59324145353	-13248.64392570922	-31560.79651300751
707	101376.9862392443	-14490.97010294833	-45947.42094686884
708	117440.858510577	-18897.85557820185	-93308.89296386551
709	117696.5136337964	-19091.45298989317	-94717.29824587444
710	105066.8853303295	-10236.31381449881	-16235.73481733433
711	106519.9323996823	-12448.00317062019	-36877.02725259428
712	105333.9774640997	-11413.38340022347	-27071.44177327299
713	105649.0702379563	-10225.2412157797	-16927.51851534865
714	105915.1866118142	-12338.95390162843	-35409.20566008653
715	105424.9732229205	-10512.41040812282	-19180.07247718315
716	105691.1405410644	-11192.35630327694	-25630.1473724108
717	104958.60012622	-9935.309147407475	-13419.74648240173
718	105961.9413872109	-9954.024234684846	-14933.2043264648
719	105538.2444957157	-9799.750749580759	-12975.46982383008
720	105063.4169027281	-9828.247095480812	-12604.25076227349
721	52826.07359862468	-18721.39497998737	10807.05918008499
722	59631.71671651418	-12844.11202875722	11059.47283367175
723	68124.84742776975	-19995.04304598949	10550.81656706427
724	62687.64065753814	-11749.82692059734	10711.84055804123
725	60552.62196627016	-5242.461283351027	5089.259070988634
726	123098.4984875373	-17920.38769567194	11363.9115481319
727	138180.4171773854	-20055.50304928636	11227.70635865945
728	32761.63640727501	-16899.44972828161	11097.57824826605
729	51845.66546531308	-9283.028619687468	9740.121081028778
730	63124.56730847321	-8033.405655532149	8549.884891667378
731	57565.36651187977	-8759.32172113158	9270.207526680058
732	67476.06072203768	-15047.27150561534	11338.22194278749
733	40674.52032693236	-15446.86756460866	11334.93939254525
734	61785.76287209928	-21241.86448897093	9840.94191011908
735	108150.1439109068	-21875.501775692	10371.53090099291
736	65547.1231636441	-12532.7175395234	10926.39717991018
737	63533.31844780299	-15857.69691641816	11354.8236666146
738	95340.74725673594	-22040.67985895594	10068.76068006648
739	63276.81882832378	-9730.892428870058	9765.554754301242
740	64606.05438480052	-10547.67305289214	10180.56734000618
741	81318.80635531839	-23248.01975188052	8977.341571953357
742	129814.8221434914	-10934.11345238333	8988.071095983607
743	68810.51860380956	-12335.79820045083	10833.93251020839
744	25549.9663268364	-9663.730646715678	10410.56641417632
745	35795.8740979729	-8523.15218784545	9623.75698787313
746	147142.5699794426	-14951.149081734	10785.42559295096
747	129721.4483229617	-25219.04555701314	8807.119995072138
748	65987.94655469718	-5763.857768732712	5693.038151793831
749	147113.7953284344	-23410.66861196044	10316.83914108103
750	116771.108107507	-10601.56621931836	9085.809745676592
751	46679.99871709473	-22091.54938451768	8900.239042149105
752	139389.8158738194	-10940.0546819256	8723.026062959918
753	38092.11807063919	-22462.96882290067	8319.300156834543
754	45072.30403407965	-7010.660658364194	8202.328958392134
755	88866.39079381971	-18614.87389269409	11164.79915674192
756	120482.4984510875	-26457.42643275526	7263.77394308239
757	24418.3652278427	-18782.25419319404	10395.50378042026
758	69496.79175894456	-6836.328095126601	7071.525885994864
759	140916.7764549805	-27283.58428469785	7161.007470571107
760	102156.6037934384	-17325.5518054365	11357.48887335336
761	55718.08643309393	-23839.76146031514	7573.498943306285
762	102705.8932034973	-25928.66027396792	7123.361701755707
763	54805.44380353575	-13455.65891865047	11212.03300123102
764	75038.21810662183	-17831.50834765674	11212.81091952729
765	88734.37032208835	-25483.60130312816	7046.809436684845
766	110252.3053832778	-14590.39692320979	11051.09993804919
767	72296.42607135623	-24854.97865204078	7087.427231658547
768	48592.63926797103	-14513.1872076598	11343.40138430778
769	30372.9988714445	-23744.19055251309	6546.212442969261
770	29684.0188468787	-4831.200954221287	6258.024523867151
771	111053.3992983297	-26508.95948720716	6767.231644446427
772	70749.40767843531	-4979.365923807184	3598.331443983784
773	53064.60867809392	-5381.308741715287	5819.489745893771
774	148567.8115886569	-9181.473136328172	6463.605987091726
775	63839.69381584645	-24989.67997686048	6501.339266406471
776	57968.4556744462	-17874.90243579163	11085.6094828227
777	123414.9317162458	-8442.328011083182	6675.497770258383
778	131858.8356225395	-17178.7942306184	11334.75559699316
779	94795.21395371328	-15693.2033178897	11317.11282922259
780	23152.06668010921	-23797.80092764665	6078.300568325004
781	23007.82411135353	-4444.798578086707	6026.71367537573
782	148916.0958448409	-28549.53219698319	5770.622569089836
783	60889.04204612411	-10170.8388606364	10056.488571025
784	111507.8327121249	-7330.06795935527	5614.507834734734
785	115014.2042496118	-20161.00368013077	11038.23013183702
786	70986.47275527645	-15562.68565406944	11355.24023835491
787	187618.8447275078	-19680.79560944926	5925.601932123271
788	191562.5427368535	-23032.32865894286	5776.840546600241
789	176522.7655240484	-21050.80585466002	7960.304311799134
790	165207.7495343889	-26630.9030149034	7446.646158980218
791	190435.151039013	-28603.78432348614	3929.647098219039
792	158504.6805984569	-29267.15765199284	4759.805102844218
793	208165.2261495728	-28236.18304012241	2583.145462212241
794	192322.8256976264	-27447.80643222482	4580.040357063353
795	166165.7262499856	-15824.83104275306	8921.997755151171
796	198321.7205463768	-29270.59995998957	2827.962038139704
797	195658.1359837825	-18643.65858937778	3459.481771183474
798	193264.0940541724	-24846.4044079159	5397.932378866966
799	196350.2703955804	-21364.27022442719	4724.276662084355
800	186854.2974781187	-25235.80725958393	6026.082881569353
801	211408.0585710622	-28698.00447987465	1910.321423355372
802	163337.4869390604	-29334.78359059833	4458.498715186508
803	158529.0556186517	-30206.6068953897	2164.512391698742
804	209495.0538297579	-29857.66780715154	1433.799057294303
805	194680.6956055177	-28969.79580699948	3339.150205910032
806	191202.6558932642	-25901.7834373853	5361.2967648471
807	160574.9111379297	-30241.33346879012	2122.450826772489
808	163441.697332931	-30264.45005458408	2149.131886322541
809	213481.7784252345	-29383.74797979819	1321.824691522409
810	207490.0442398862	-30195.78486899327	1248.9137852081
811	197440.3237376066	-27794.83924905557	3948.433432813019
812	181910.3437672145	-16384.90786756508	5677.983832037867
813	194220.7803808181	-23002.15734286323	5380.840943555317
814	197900.4156752539	-23291.28543963265	4816.384558884368
815	192248.200309734	-19119.30177183443	4706.439071499133
816	213473.5159240384	-27253.65332242035	1858.395280921121
817	180186.4092464474	-26554.42454572331	6103.01229167535
818	199941.9388469732	-20912.7009411136	3728.263727822252
819	172917.1799910865	-26882.84411221375	6540.939512458477
820	172373.8963712742	-13437.37158862142	6088.8078933151
821	194070.208166708	-27375.37084460021	4468.824554251437
822	193374.1386276463	-26518.91602639261	4920.406875004165
823	195286.6448554164	-27597.99545637812	4244.798120599221
824	169500.1350402652	-21457.18173198037	8995.0248550995
825	162264.1055726227	-10744.7674077529	6299.856846141433
826	161360.6944661851	-22386.90301387259	9997.29724611843
827	182231.4799012847	-21799.56389322661	7114.325272345626
828	159406.7524881522	-30418.77124558188	973.456556158714
829	160124.5933009804	-15112.38439328128	9855.020501035591
830	205688.954653197	-29067.28100643901	2403.359662260317
831	-17718.3701595493	-9884.845437416463	1808.176122367839
832	-17154.65612730349	-11930.98434935768	1564.074910567958
833	-13715.038128132	-7116.656080710234	3094.984125507525
834	-14400.14572846475	-11865.91710033923	3326.885544395824
835	1315.767431132542	-6044.553742725066	6723.052587656801
836	1487.171031628683	-14968.43524965393	8569.922036579499
837	8865.665912162187	-10656.84130223845	9717.857229175883
838	-5666.278161362848	-17091.93215380256	5433.164125607588
839	8853.816848783732	-19951.61193196833	8120.68878942098
840	-6864.67679720336	-5610.360538675797	4761.974460927509
841	10341.51323193822	-4491.04803024599	5907.371424671753
842	-4109.055543591835	-10988.37087452827	7408.316869605391
843	1981.542593979446	-20859.73797931958	5375.833271373205
844	11920.43252091415	-23922.11999064267	4434.429534318526
845	160152.4890895641	-30706.98931833716	237.2196049369505
846	160473.8242039009	-30701.04850919038	579.5361702449351
847	164491.0415562879	-32737.82340044782	518.1433905906665
848	165085.6047884852	-32938.19827768633	595.6868726188102
849	166727.1979386191	-33707.94187581706	543.0893857273963
850	207553.2545949987	-30857.31743572995	334.8834640140316
851	199045.5711308289	-30810.1976567722	851.3773887430522
852	190527.9314706948	-30780.72250985365	1163.172469197417
853	182005.2539688009	-30771.03345130068	1269.933069078251
854	173482.476743354	-30768.00802640349	1171.597330305999
855	164964.525012733	-30752.10523732852	868.3775821887641
856	201633.2425609159	-48234.13992758609	1266.50154600288
857	206976.863013426	-55723.61489308356	1252.177801217771
858	212283.3029723684	-62075.78056116887	1133.878471041397
859	207223.8947596977	-42221.67708249146	783.102708558396
860	181737.9095055123	-37800.43486706867	1072.926993409323
861	197436.3724592622	-40703.39272943486	1231.318962168256
862	190060.4525356849	-38424.51044381625	1265.349260878773
863	209356.6944126729	-48381.09694059708	866.0531701881049
864	217472.0459864029	-65945.99797377632	616.3892578968365
865	190364.4935116105	-33312.82586911039	1224.68296032914
866	199206.142708886	-33730.11055441583	949.770574699607
867	181192.5197935358	-33561.37749426658	1235.817417798478
868	208250.2654224996	-33896.5533342359	375.1559872721811
869	172772.5630563292	-33791.26980179786	958.9150478404263
870	174777.2725018392	-32403.68711746212	1136.010228899381
871	205881.2951335761	-32396.06896788884	501.6193995907493
872	207241.3125893567	-31220.9914654079	366.4496634426801
873	173586.8238660196	-31122.4507916212	1165.546682378017
874	182216.1931005466	-32267.98410903528	1266.253411423521
875	198177.6089634969	-32596.46273843114	953.9994410221146
876	192758.8721087781	-32742.64176182801	1156.017634034865
877	201523.5130898691	-32944.90152499299	797.8219157340346
878	210345.353206891	-33101.20475917721	175.4751661599446
879	179048.67340659	-32975.18729500588	1215.381533758515
880	194428.4839464266	-26062.28626252983	5321.249270724529
881	194358.5003684185	-25807.71148122977	5464.143654520903
882	194481.1873443242	-25491.67442736027	5481.315171300686
883	194643.5199339877	-26284.34946260036	5432.977347081292
884	194732.7425250518	-25354.65194212073	5619.626917504294
885	194397.5397817006	-25653.59532212066	5617.840136631138
886	194386.5389163224	-26011.8721900702	5555.443778801427
887	194491.6075339674	-26190.23031831153	5553.015871200318
888	194595.2786267728	-25434.61407445434	5723.144660885436
889	194359.0669658351	-25892.19945698448	5669.124366628642
890	194364.1517169769	-25788.63910196126	5700.054952613102
891	194481.1145293855	-25533.44314812892	5715.918319975054
892	194414.2937633206	-26093.76981851163	5645.919814034194
893	194597.461263028	-26286.28707111813	5589.999800906212
894	194394.1810070327	-25682.32090149475	5732.412194416359
895	194685.4519850944	-25395.30557299837	5760.023015602919
896	194560.6718956006	-26269.82504665593	5641.934509020995
897	194644.1198884714	-25421.79638305094	5806.633195106964
898	194376.9139803574	-26002.54634084458	5678.528253889403
899	197394.2948010149	-27111.48306687707	5162.517646320835
900	208113.5184071075	-26796.40563801987	3817.354640604921
901	197708.8794993752	-24906.42595301198	5562.915833808041
902	209581.9512455581	-24980.66326048265	3522.339679033407
903	207090.3960977258	-24657.10101330406	3842.756885158758
904	210632.0760824259	-25317.26469626462	4247.39767519127
905	204986.110757354	-24582.51685459169	4551.343303236446
906	207583.4433077543	-26266.03006184859	12886.98467462011
907	194622.0812638667	-25764.64230219575	6296.80496015833
908	210739.5114587979	-26225.35009747255	9926.838938422374
909	211034.7263999971	-31431.70488620849	38482.74606730539
910	214469.6324122164	-31588.08893192015	39774.02640338551
911	208218.9875230801	-25767.17032757681	9555.157028876421
912	203595.1205326957	-25480.15608537579	9648.876899716446
913	211831.1525963063	-31816.41773115084	40426.84125262953
914	207867.976969722	-27777.57135416164	20983.19611539118
915	202578.4542407872	-26800.12425980887	15593.01228564526
916	208324.8745559569	-25425.67066800172	7365.972534562519
917	209834.2095247736	-25671.98999648211	7372.921494613085
918	210137.0096242909	-29330.03972727392	28686.86580784051
919	213517.0753573399	-31833.47195244927	41047.76109185608
920	207533.2265226077	-28558.46023222655	11924.66965440626
921	213388.8975623524	-32530.37157106587	37244.01018582645
922	202451.5997931824	-28427.7457280826	10183.5500177784
923	208805.8358629262	-30101.87803802981	21147.13545329973
924	216548.6842382285	-32062.4552540134	37630.09444016867
925	211210.6630303418	-31326.93461504295	29286.61761348126
926	210952.699540848	-27084.15573471778	9275.485140810451
927	214030.3038851963	-32614.56442921495	42064.30259498721
928	212238.3364794863	-32574.29436033684	42071.45750904741
929	213133.5959386758	-32349.74587148371	42111.35377785552
930	213199.6843210723	-32664.43683348445	42055.44160032563
931	212668.2067245737	-32449.81722973201	42093.57377033439
932	69975.4800103965	-8383.62521656428	10541.62495940307
933	102388.8198845274	-8986.693283001106	10260.20714556425
934	78095.54125053815	-7882.104535509454	10090.28442356539
935	86237.30549991292	-7817.009824391309	9761.768476486177
936	94247.77451931642	-8180.207684210909	9754.278484354305
937	65499.09140450609	-9226.046221997081	10735.57694178784
938	65908.53178144724	-9853.080856355999	10893.245894805
939	65720.25385516134	-8885.38453571565	10083.37595261604
940	65491.10859714363	-9369.957713667955	11282.9623636152
941	65536.77538700638	-9106.71002850133	11298.53482179663
942	65509.49130215044	-9473.23232648496	10196.15403619525
943	65655.9287601542	-9717.145905148092	11465.79034244011
944	65517.12323765968	-9498.102378939378	10739.52020822012
945	65644.67220314854	-9706.061571870081	10346.20457649743
946	104360.2284311131	-9860.517727252096	10085.30474192182
947	102143.1097655891	-10152.5217445991	10208.0527984725
948	70367.05789412881	-10406.66587575327	10924.42601850167
949	116744.5370707046	-21694.50227333789	117894.4654293617
950	114446.8179755797	-21642.86307007874	117903.1226618118
951	115691.7245861719	-21965.15625995799	117849.0906980105
952	115681.7960969829	-21568.51954717704	117915.5862416412
953	115015.7460172531	-21826.4834904231	117872.3389771105
954	90624.8954447307	-9740.674601333576	27532.56164313923
955	95287.18455851717	-11183.55502595419	38897.74886062319
956	98319.47080973203	-12341.24502893525	48188.38335784504
957	100706.9422690518	-13484.59365585584	57573.46049908768
958	85971.10514860933	-8826.831547566004	20251.62010226518
959	94592.39159403279	-9021.694718295059	19464.09130894129
960	116204.9930640182	-20273.38216723432	112773.7073986834
961	103022.5335362491	-14526.99179252628	66066.12693295676
962	79003.36813253837	-9014.819705037287	19676.7577470797
963	105399.6911588758	-15662.33130093148	75344.60524406782
964	119975.5102543652	-20801.5130742107	113292.6093165039
965	108014.5262671831	-16808.31400415851	84655.09763961047
966	100888.5632669566	-9543.888637255332	18712.54421281699
967	98199.50785309318	-10328.18290016329	28612.39963342435
968	88956.98002651791	-10765.95846750931	35353.78357330219
969	110098.2572904313	-17753.26649241278	92348.43847447574
970	83959.82741262954	-9853.072958354747	27210.43191072323
971	101491.8560064202	-11613.62894316376	37807.80516520316
972	92018.00266541702	-11895.86882061387	44350.68638166133
973	68611.54992209387	-10065.22122245765	15829.71439462829
974	85990.07809133471	-12644.26952725557	26347.43539240433
975	112737.0004334061	-21694.45910664244	114363.2846198455
976	97806.79311686811	-12118.29763612329	24836.86247210122
977	117238.7709371666	-22174.96117112118	114935.1356272598
978	90482.42525905656	-14026.14237700051	39409.83615904901
979	93277.21838366037	-14847.05339376911	47045.83604267422
980	79087.39828969694	-11683.04958835409	20128.79372061654
981	98305.9667621137	-15840.18729424739	55607.33729956564
982	101347.5734643206	-16883.18056256477	65380.61857223198
983	104583.3543375095	-17914.11695125855	75012.10016720959
984	107126.7412589616	-18877.19608844591	84048.25194193154
985	120411.0461821802	-21544.34783226088	113351.805102788
986	98343.49133946563	-11253.9191198419	17883.62035379199
987	90035.73924049608	-11839.60832444044	18403.0240548745
988	98944.28553877369	-13764.66998864367	38805.64695422769
989	109330.0064456505	-19747.03533501941	92236.47140223149
990	92504.5932414629	-13248.64392570999	31560.79651302263
991	101376.9862392402	-14490.97010294909	45947.42094687849
992	117440.8585107218	-18897.85557812479	93308.89296418596
993	117696.513633906	-19091.45298987315	94717.29824626798
994	105066.8853303328	-10236.31381449786	16235.73481733133
995	106519.9323996832	-12448.00317062271	36877.02725261547
996	105333.9774641161	-11413.38340022052	27071.44177327526
997	105649.07023796	-10225.24121577902	16927.51851535028
998	105915.1866118138	-12338.95390162991	35409.20566009837
999	105424.9732229283	-10512.41040812156	19180.07247718528
1000	105691.1405410668	-11192.35630327704	25630.1473724192
1001	104958.6001262188	-9935.30914740748	13419.74648240061
1002	105961.9413872106	-9954.024234684768	14933.20432646542
1003	105538.2444957148	-9799.750749580799	12975.46982382993
1004	105063.4169027275	-9828.247095480832	12604.25076227299
1	203	3	115	446
2	203	446	115	455
3	203	440	456	452
4	203	450	491	477
5	203	125	126	457
6	203	444	461	449
7	203	108	471	457
8	203	108	457	480
9	203	3	464	474
10	203	128	477	491
11	203	2	111	143
12	203	111	142	143
13	203	129	469	467
14	203	449	470	484
15	203	145	146	458
16	203	439	450	453
17	203	446	455	499
18	203	449	461	470
19	203	136	470	461
20	203	113	140	141
21	203	437	467	484
22	203	438	499	440
23	203	139	464	441
24	203	442	493	458
25	203	129	130	469
26	203	445	484	470
27	203	112	141	142
28	203	125	457	481
29	203	124	481	454
30	203	114	140	113
31	203	120	121	463
32	203	146	468	458
33	203	117	465	462
34	203	146	147	468
35	203	126	483	457
36	203	124	454	478
37	203	133	134	460
38	203	440	452	453
39	203	444	460	461
40	203	116	465	117
41	203	444	449	469
42	203	438	440	453
43	203	129	467	477
44	203	438	492	479
45	203	117	462	118
46	203	139	140	488
47	203	111	112	142
48	203	147	490	468
49	203	442	458	494
50	203	120	463	475
51	203	442	466	493
52	203	437	492	477
53	203	443	462	465
54	203	438	453	492
55	203	437	477	467
56	203	2	482	476
57	203	127	128	491
58	203	138	139	441
59	203	136	137	470
60	203	440	455	456
61	203	113	141	112
62	203	2	476	110
63	203	108	109	471
64	203	443	475	463
65	203	443	494	468
66	203	128	129	477
67	203	123	478	487
68	203	441	447	489
69	203	145	458	493
70	203	449	484	467
71	203	446	499	447
72	203	458	468	494
73	203	451	487	478
74	203	107	108	480
75	203	442	463	472
76	203	133	460	473
77	203	136	461	486
78	203	442	494	463
79	203	119	475	498
80	203	466	442	501
81	203	438	447	499
82	203	482	466	501
83	203	445	470	489
84	203	119	120	475
85	203	443	468	462
86	203	450	477	492
87	203	445	489	447
88	203	443	463	494
89	203	121	472	463
90	203	126	127	483
91	203	465	498	475
92	203	449	467	469
93	203	450	492	453
94	203	137	489	470
95	203	127	491	483
96	203	462	468	490
97	203	144	493	466
98	203	124	125	481
99	203	443	465	475
100	203	444	473	460
101	203	7	135	497
102	203	438	479	447
103	203	114	488	140
104	203	445	447	479
105	203	454	476	478
106	203	5	490	147
107	203	144	145	493
108	203	451	478	476
109	203	134	497	460
110	203	2	500	482
111	203	5	118	490
112	203	437	484	479
113	203	460	486	461
114	203	451	476	482
115	203	7	497	134
116	203	6	496	131
117	203	122	123	487
118	203	123	124	478
119	203	437	479	492
120	203	132	133	473
121	203	121	122	472
122	203	6	132	496
123	203	4	119	498
124	203	118	462	490
125	203	448	452	459
126	203	2	143	500
127	203	457	471	481
128	203	444	485	473
129	203	441	446	447
130	203	448	453	452
131	203	4	498	116
132	203	439	480	483
133	203	116	498	465
134	203	135	136	486
135	203	466	482	500
136	203	137	138	489
137	203	130	131	485
138	203	473	485	496
139	203	143	144	500
140	203	130	485	469
141	203	144	466	500
142	203	457	483	480
143	203	442	472	501
144	203	454	481	471
145	203	109	495	471
146	203	472	487	501
147	203	440	499	455
148	203	439	491	450
149	203	109	110	495
150	203	439	483	491
151	203	445	479	484
152	203	454	471	495
153	203	110	476	495
154	203	444	469	485
155	203	122	487	472
156	203	132	473	496
157	203	454	495	476
158	203	138	441	489
159	203	439	448	502
160	203	439	502	480
161	203	464	488	474
162	203	114	474	488
163	203	107	480	502
164	203	448	459	502
165	203	451	501	487
166	203	131	496	485
167	203	135	486	497
168	203	460	497	486
169	203	451	482	501
170	203	107	502	459
171	203	139	488	464
172	203	1	107	459
173	203	3	474	114
174	203	1	456	115
175	203	1	452	456
176	203	1	459	452
177	203	3	446	464
178	203	115	456	455
179	203	439	453	448
180	203	441	464	446
181	203	158	523	14
182	203	544	523	158
183	203	506	508	542
184	203	542	508	116
185	203	515	529	531
186	203	163	503	528
187	203	154	155	507
188	203	160	536	541
189	203	14	523	524
190	203	529	504	531
191	203	13	525	152
192	203	160	161	536
193	203	8	517	509
194	203	148	534	165
195	203	164	165	534
196	203	9	514	529
197	203	511	541	536
198	203	154	507	521
199	203	506	518	508
200	203	13	520	517
201	203	150	153	512
202	203	514	538	522
203	203	13	517	525
204	203	162	528	536
205	203	157	524	518
206	203	11	152	525
207	203	157	518	506
208	203	162	163	528
209	203	8	12	532
210	203	11	525	151
211	203	10	537	538
212	203	161	162	536
213	203	504	522	516
214	203	163	513	531
215	203	515	534	530
216	203	163	164	513
217	203	508	518	523
218	203	159	519	544
219	203	5	541	118
220	203	509	517	520
221	203	155	533	516
222	203	163	531	503
223	203	519	523	544
224	203	5	160	541
225	203	148	530	534
226	203	503	504	516
227	203	10	539	537
228	203	116	117	542
229	203	155	156	533
230	203	512	521	527
231	203	505	536	528
232	203	157	506	535
233	203	156	157	535
234	203	510	522	538
235	203	155	516	507
236	203	509	520	526
237	203	505	540	536
238	203	503	543	528
239	203	511	536	540
240	203	507	516	522
241	203	507	522	510
242	203	150	546	153
243	203	8	532	517
244	203	156	535	533
245	203	515	530	529
246	203	503	516	543
247	203	117	118	545
248	203	513	534	515
249	203	505	533	535
250	203	517	532	525
251	203	521	539	527
252	203	503	531	504
253	203	154	521	512
254	203	12	151	532
255	203	153	546	526
256	203	513	515	531
257	203	511	540	542
258	203	516	533	543
259	203	506	542	540
260	203	504	514	522
261	203	506	540	535
262	203	505	535	540
263	203	509	526	546
264	203	505	528	543
265	203	505	543	533
266	203	118	541	545
267	203	164	534	513
268	203	518	524	523
269	203	117	545	542
270	203	508	523	519
271	203	511	545	541
272	203	151	525	532
273	203	510	538	537
274	203	511	542	545
275	203	521	537	539
276	203	4	116	508
277	203	8	165	12
278	203	8	509	150
279	203	9	530	148
280	203	10	150	527
281	203	10	527	539
282	203	13	153	526
283	203	13	526	520
284	203	14	524	157
285	203	15	159	544
286	203	150	509	546
287	203	150	512	527
288	203	153	154	512
289	203	4	519	159
290	203	4	508	519
291	203	148	165	8
292	203	9	149	514
293	203	9	529	530
294	203	10	538	149
295	203	15	544	158
296	203	149	538	514
297	203	504	529	514
298	203	507	510	521
299	203	510	537	521
300	203	166	16	167
301	203	17	166	167
302	203	547	166	17
303	203	547	16	166
304	203	170	547	17
305	203	19	168	549
306	203	548	16	547
307	203	18	550	168
308	203	547	550	548
309	203	18	169	550
310	203	170	549	547
311	203	547	549	550
312	203	169	548	550
313	203	19	549	170
314	203	168	550	549
315	203	16	548	169
316	203	174	557	551
317	203	173	174	551
318	203	551	557	553
319	203	133	555	553
320	203	552	559	554
321	203	133	553	134
322	203	132	555	133
323	203	173	551	556
324	203	552	553	555
325	203	172	554	559
326	203	18	554	172
327	203	19	173	556
328	203	7	557	174
329	203	6	171	560
330	203	552	554	558
331	203	551	553	552
332	203	7	134	557
333	203	134	553	557
334	203	18	168	554
335	203	552	555	559
336	203	171	559	555
337	203	171	172	559
338	203	560	171	555
339	203	19	556	168
340	203	551	552	558
341	203	551	558	556
342	203	6	560	132
343	203	132	560	555
344	203	168	558	554
345	203	168	556	558
346	203	151	12	175
347	203	151	175	11
348	203	21	561	176
349	203	15	158	561
350	203	20	176	562
351	203	14	562	158
352	203	158	562	176
353	203	15	561	21
354	203	158	176	561
355	203	14	20	562
356	203	24	177	22
357	203	24	22	178
358	203	179	23	177
359	203	179	177	24
360	203	26	184	25
361	203	185	26	25
362	203	22	190	178
363	203	180	190	22
364	203	178	190	24
365	203	26	186	184
366	203	189	180	181
367	203	190	180	189
368	203	188	181	182
369	203	189	181	188
370	203	187	182	183
371	203	188	182	187
372	203	184	186	183
373	203	187	183	186
374	203	191	21	20
375	203	21	176	20
376	203	25	565	185
377	203	20	26	564
378	203	20	563	191
379	203	20	564	563
380	203	25	191	563
381	203	25	563	564
382	203	25	564	565
383	203	26	185	565
384	203	26	565	564
385	203	13	566	153
386	203	14	157	571
387	203	20	571	196
388	203	27	192	566
389	203	153	567	154
390	203	154	568	155
391	203	155	569	156
392	203	156	570	157
393	203	192	193	567
394	203	193	194	568
395	203	194	195	569
396	203	195	196	570
397	203	13	27	566
398	203	14	571	20
399	203	153	566	192
400	203	153	192	567
401	203	154	567	193
402	203	154	193	568
403	203	155	568	194
404	203	155	194	569
405	203	156	569	195
406	203	156	195	570
407	203	157	570	196
408	203	157	196	571
409	203	197	575	577
410	203	24	574	179
411	203	24	190	574
412	203	572	577	575
413	203	202	574	573
414	203	197	577	198
415	203	572	189	188
416	203	189	572	573
417	203	199	576	200
418	203	201	574	202
419	203	577	572	188
420	203	187	578	188
421	203	188	578	577
422	203	179	574	580
423	203	28	575	197
424	203	190	573	574
425	203	189	573	190
426	203	28	203	575
427	203	202	573	579
428	203	186	200	576
429	203	572	579	573
430	203	202	579	203
431	203	187	576	578
432	203	199	578	576
433	203	198	578	199
434	203	203	579	575
435	203	23	179	580
436	203	577	578	198
437	203	572	575	579
438	203	201	580	574
439	203	23	580	201
440	203	186	576	187
441	203	26	200	186
442	203	583	195	590
443	203	595	195	583
444	203	26	196	585
445	203	197	587	584
446	203	200	585	586
447	203	196	589	585
448	203	195	200	586
449	203	192	587	197
450	203	194	199	590
451	203	193	198	592
452	203	193	591	198
453	203	192	197	593
454	203	584	587	588
455	203	27	28	594
456	203	195	595	200
457	203	27	594	588
458	203	585	589	586
459	203	584	588	594
460	203	26	585	200
461	203	27	588	192
462	203	28	197	584
463	203	28	584	594
464	203	192	591	193
465	203	192	588	587
466	203	192	593	591
467	203	193	592	194
468	203	194	590	195
469	203	194	592	581
470	203	195	589	196
471	203	195	586	589
472	203	197	198	582
473	203	197	582	593
474	203	198	199	581
475	203	198	581	592
476	203	198	591	582
477	203	199	200	583
478	203	199	583	590
479	203	200	595	583
480	203	582	591	593
481	203	20	196	26
482	203	194	581	199
483	203	211	37	603
484	203	205	604	30
485	203	37	612	603
486	203	30	604	613
487	203	211	603	608
488	203	35	614	209
489	203	35	210	614
490	203	205	607	604
491	203	32	207	610
492	203	36	608	210
493	203	597	598	601
494	203	206	610	607
495	203	38	609	212
496	203	34	605	606
497	203	33	606	610
498	203	10	596	599
499	203	29	204	611
500	203	209	614	605
501	203	9	600	598
502	203	9	598	149
503	203	149	598	597
504	203	10	149	596
505	203	602	608	603
506	203	210	608	614
507	203	597	606	605
508	203	37	212	612
509	203	596	597	602
510	203	212	609	612
511	203	598	607	601
512	203	596	602	603
513	203	30	613	204
514	203	149	597	596
515	203	597	601	606
516	203	604	611	613
517	203	596	603	599
518	203	598	604	607
519	203	603	612	609
520	203	204	613	611
521	203	598	600	604
522	203	597	605	602
523	203	599	603	609
524	203	601	610	606
525	203	600	611	604
526	203	601	607	610
527	203	602	605	614
528	203	602	614	608
529	203	9	29	600
530	203	10	599	38
531	203	29	611	600
532	203	38	599	609
533	203	31	607	205
534	203	31	206	607
535	203	32	610	206
536	203	33	610	207
537	203	33	208	606
538	203	34	606	208
539	203	34	209	605
540	203	36	211	608
541	203	8	616	40
542	203	40	616	214
543	203	8	150	616
544	203	10	615	150
545	203	38	213	615
546	203	39	150	213
547	203	39	616	150
548	203	39	214	616
549	203	150	615	213
550	203	10	38	615
551	203	42	619	216
552	203	41	619	618
553	203	42	621	619
554	203	215	618	620
555	203	40	215	620
556	203	8	620	618
557	203	8	40	620
558	203	8	619	148
559	203	8	618	619
560	203	9	148	617
561	203	29	617	217
562	203	42	217	621
563	203	148	217	617
564	203	148	621	217
565	203	148	619	621
566	203	9	617	29
567	203	41	618	215
568	203	41	216	619
569	203	632	628	42
570	203	41	215	633
571	203	627	628	632
572	203	226	623	628
573	203	40	633	215
574	203	632	41	633
575	203	622	630	631
576	203	223	220	625
577	203	41	632	216
578	203	218	630	622
579	203	44	629	635
580	203	225	226	631
581	203	218	219	630
582	203	219	220	634
583	203	224	630	634
584	203	219	634	630
585	203	622	631	628
586	203	221	635	626
587	203	224	225	630
588	203	225	631	630
589	203	622	628	627
590	203	634	220	223
591	203	226	628	631
592	203	625	626	629
593	203	223	224	634
594	203	218	622	624
595	203	622	627	624
596	203	627	632	633
597	203	624	627	633
598	203	626	635	629
599	203	38	623	226
600	203	40	218	624
601	203	40	624	633
602	203	43	626	220
603	203	44	635	221
604	203	45	223	625
605	203	45	625	629
606	203	29	623	204
607	203	29	217	623
608	203	30	204	623
609	203	30	623	205
610	203	31	205	623
611	203	31	623	206
612	203	32	206	623
613	203	32	623	207
614	203	33	207	623
615	203	33	623	208
616	203	34	208	623
617	203	34	623	209
618	203	35	209	623
619	203	35	623	210
620	203	36	210	623
621	203	36	623	211
622	203	37	211	623
623	203	37	623	212
624	203	38	212	623
625	203	42	216	632
626	203	42	628	217
627	203	43	221	626
628	203	44	222	629
629	203	45	629	222
630	203	217	628	623
631	203	220	626	625
632	203	225	636	638
633	203	225	638	226
634	203	40	214	642
635	203	213	38	226
636	203	45	227	637
637	203	225	639	636
638	203	214	636	642
639	203	39	213	638
640	203	39	638	636
641	203	213	226	638
642	203	224	641	639
643	203	223	637	641
644	203	220	641	637
645	203	227	640	637
646	203	218	639	219
647	203	219	639	641
648	203	218	636	639
649	203	219	641	220
650	203	43	640	227
651	203	224	639	225
652	203	223	641	224
653	203	220	637	640
654	203	218	642	636
655	203	40	642	218
656	203	43	220	640
657	203	45	637	223
658	203	39	636	214
659	203	45	644	646
660	203	644	647	646
661	203	645	646	647
662	203	45	222	644
663	203	44	644	222
664	203	44	647	644
665	203	44	221	645
666	203	44	645	647
667	203	45	646	227
668	203	221	643	645
669	203	227	646	643
670	203	227	221	43
671	203	221	227	643
672	203	643	646	645
673	203	114	231	648
674	203	2	46	649
675	203	114	650	231
676	203	111	649	228
677	203	113	230	650
678	203	111	228	651
679	203	113	652	230
680	203	112	651	229
681	203	112	229	652
682	203	2	649	111
683	203	3	114	648
684	203	46	228	649
685	203	47	648	231
686	203	111	651	112
687	203	112	652	113
688	203	113	650	114
689	203	228	229	651
690	203	229	230	652
691	203	230	231	650
692	203	3	648	47
693	203	653	658	655
694	203	3	655	115
695	203	47	232	657
696	203	115	655	658
697	203	232	656	657
698	203	48	659	232
699	203	232	659	656
700	203	1	115	658
701	203	653	657	656
702	203	653	660	658
703	203	654	656	659
704	203	653	656	660
705	203	654	660	656
706	203	1	658	661
707	203	654	661	660
708	203	658	660	661
709	203	1	654	48
710	203	1	661	654
711	203	3	47	655
712	203	47	657	655
713	203	48	654	659
714	203	653	655	657
715	203	49	236	663
716	203	1	662	107
717	203	2	663	46
718	203	2	110	664
719	203	2	664	663
720	203	48	233	662
721	203	49	664	235
722	203	233	108	107
723	203	107	662	233
724	203	234	109	108
725	203	234	108	233
726	203	235	110	109
727	203	234	235	109
728	203	110	235	664
729	203	1	48	662
730	203	46	663	236
731	203	49	663	664
732	203	665	668	667
733	203	52	666	668
734	203	666	669	668
735	203	667	668	669
736	203	53	666	239
737	203	52	239	666
738	203	53	669	666
739	203	237	50	238
740	203	51	237	238
741	203	52	668	238
742	203	53	240	667
743	203	53	667	669
744	203	238	668	665
745	203	240	665	667
746	203	240	51	238
747	203	238	665	240
748	203	229	675	674
749	203	228	675	229
750	203	260	249	261
751	203	243	244	672
752	203	675	682	683
753	203	261	249	250
754	203	243	672	687
755	203	244	673	672
756	203	255	672	673
757	203	244	245	673
758	203	683	682	241
759	203	255	673	256
760	203	47	231	251
761	203	246	247	679
762	203	247	681	679
763	203	245	246	677
764	203	229	674	230
765	203	53	676	240
766	203	671	687	672
767	203	245	677	673
768	203	249	260	685
769	203	670	674	675
770	203	241	242	683
771	203	254	684	688
772	203	253	684	254
773	203	230	678	231
774	203	246	679	677
775	203	256	677	257
776	203	247	248	681
777	203	671	684	683
778	203	251	678	252
779	203	256	673	677
780	203	248	685	681
781	203	230	674	678
782	203	228	682	675
783	203	670	683	684
784	203	255	688	672
785	203	250	676	261
786	203	253	686	684
787	203	254	688	255
788	203	252	686	253
789	203	231	678	251
790	203	46	241	682
791	203	252	678	686
792	203	671	672	688
793	203	248	249	685
794	203	258	679	681
795	203	674	686	678
796	203	671	688	684
797	203	257	679	258
798	203	46	682	228
799	203	258	681	259
800	203	671	683	687
801	203	259	681	685
802	203	242	243	687
803	203	51	240	680
804	203	240	676	680
805	203	257	677	679
806	203	259	685	260
807	203	670	684	686
808	203	242	687	683
809	203	670	686	674
810	203	670	675	683
811	203	250	680	676
812	203	51	680	250
813	203	53	261	676
814	203	689	48	47
815	203	48	232	47
816	203	52	693	691
817	203	52	238	693
818	203	270	260	261
819	203	690	703	696
820	203	706	690	253
821	203	234	696	703
822	203	694	706	253
823	203	265	697	266
824	203	271	270	261
825	203	252	253	690
826	203	252	690	696
827	203	266	697	698
828	203	266	698	267
829	203	233	696	234
830	203	254	695	694
831	203	267	699	268
832	203	267	698	699
833	203	263	706	704
834	203	261	691	271
835	203	253	254	694
836	203	263	692	706
837	203	268	699	700
838	203	690	692	703
839	203	260	270	705
840	203	254	255	695
841	203	265	707	697
842	203	255	697	695
843	203	690	706	692
844	203	251	233	689
845	203	269	705	270
846	203	694	695	704
847	203	255	256	697
848	203	692	702	703
849	203	269	700	705
850	203	268	700	269
851	203	256	257	698
852	203	258	700	699
853	203	258	259	700
854	203	695	707	704
855	203	234	703	235
856	203	49	702	262
857	203	695	697	707
858	203	256	698	697
859	203	263	704	264
860	203	262	692	263
861	203	251	252	696
862	203	257	258	699
863	203	264	704	707
864	203	271	693	701
865	203	257	699	698
866	203	259	705	700
867	203	264	707	265
868	203	49	235	702
869	203	259	260	705
870	203	694	704	706
871	203	696	233	251
872	203	50	701	238
873	203	235	703	702
874	203	262	702	692
875	203	238	701	693
876	203	47	251	689
877	203	48	689	233
878	203	50	271	701
879	203	53	239	691
880	203	53	691	261
881	203	52	691	239
882	203	271	691	693
883	203	713	718	717
884	203	46	719	718
885	203	46	236	719
886	203	717	718	719
887	203	49	720	236
888	203	236	720	719
889	203	717	719	720
890	203	46	718	241
891	203	49	262	710
892	203	49	710	717
893	203	49	717	720
894	203	237	271	50
895	203	51	271	237
896	203	51	250	271
897	203	241	716	242
898	203	241	713	715
899	203	241	718	713
900	203	242	711	243
901	203	242	714	711
902	203	242	716	712
903	203	243	264	265
904	203	244	266	245
905	203	265	266	244
906	203	245	267	246
907	203	266	267	245
908	203	246	268	247
909	203	246	267	268
910	203	247	269	248
911	203	268	269	247
912	203	248	708	249
913	203	249	270	250
914	203	249	708	709
915	203	250	270	271
916	203	262	263	712
917	203	262	715	710
918	203	262	712	716
919	203	263	264	714
920	203	264	711	714
921	203	269	270	709
922	203	269	709	708
923	203	710	715	713
924	203	710	713	717
925	203	241	715	262
926	203	241	262	716
927	203	242	712	263
928	203	242	263	714
929	203	243	265	244
930	203	243	711	264
931	203	248	269	708
932	203	249	709	270
933	203	56	730	280
934	203	730	739	280
935	203	724	736	740
936	203	734	761	775
937	203	125	741	126
938	203	728	733	745
939	203	273	741	755
940	203	273	764	741
941	203	56	758	748
942	203	128	775	761
943	203	55	143	276
944	203	276	143	142
945	203	129	751	753
946	203	733	768	754
947	203	145	742	146
948	203	723	737	734
949	203	730	783	739
950	203	733	754	745
951	203	136	745	754
952	203	278	141	140
953	203	721	768	751
954	203	722	724	783
955	203	139	725	748
956	203	726	742	777
957	203	129	753	130
958	203	729	754	768
959	203	277	142	141
960	203	125	765	741
961	203	124	738	765
962	203	279	278	140
963	203	120	747	121
964	203	146	742	752
965	203	298	746	749
966	203	146	752	147
967	203	126	741	767
968	203	124	762	738
969	203	282	744	283
970	203	724	737	736
971	203	728	745	744
972	203	297	298	749
973	203	728	753	733
974	203	722	737	724
975	203	129	761	751
976	203	722	763	776
977	203	298	299	746
978	203	139	772	140
979	203	276	142	277
980	203	147	752	774
981	203	726	778	742
982	203	120	759	747
983	203	726	777	750
984	203	721	761	776
985	203	727	749	746
986	203	722	776	737
987	203	721	751	761
988	203	55	760	766
989	203	127	775	128
990	203	138	725	139
991	203	136	754	137
992	203	724	740	739
993	203	278	277	141
994	203	55	275	760
995	203	273	755	274
996	203	727	747	759
997	203	727	752	778
998	203	128	761	129
999	203	123	771	762
1000	203	725	773	731
1001	203	145	777	742
1002	203	733	751	768
1003	203	730	731	783
1004	203	742	778	752
1005	203	735	762	771
1006	203	272	764	273
1007	203	726	756	747
1008	203	282	757	744
1009	203	136	770	745
1010	203	726	747	778
1011	203	119	782	759
1012	203	750	785	726
1013	203	722	783	731
1014	203	766	785	750
1015	203	729	773	754
1016	203	119	759	120
1017	203	727	746	752
1018	203	734	776	761
1019	203	729	731	773
1020	203	727	778	747
1021	203	121	747	756
1022	203	126	767	127
1023	203	749	759	782
1024	203	733	753	751
1025	203	734	737	776
1026	203	137	754	773
1027	203	127	767	775
1028	203	746	774	752
1029	203	144	750	777
1030	203	124	765	125
1031	203	727	759	749
1032	203	728	744	757
1033	203	7	781	135
1034	203	722	731	763
1035	203	279	140	772
1036	203	729	763	731
1037	203	738	762	760
1038	203	5	147	774
1039	203	144	777	145
1040	203	735	760	762
1041	203	283	744	781
1042	203	55	766	784
1043	203	5	774	299
1044	203	721	763	768
1045	203	744	745	770
1046	203	735	766	760
1047	203	7	283	781
1048	203	6	131	780
1049	203	122	771	123
1050	203	123	762	124
1051	203	721	776	763
1052	203	281	757	282
1053	203	121	756	122
1054	203	6	780	281
1055	203	4	782	119
1056	203	299	774	746
1057	203	732	743	736
1058	203	55	784	143
1059	203	741	765	755
1060	203	728	757	769
1061	203	725	731	730
1062	203	732	736	737
1063	203	4	297	782
1064	203	723	767	764
1065	203	297	749	782
1066	203	135	770	136
1067	203	750	784	766
1068	203	137	773	138
1069	203	130	769	131
1070	203	757	780	769
1071	203	143	784	144
1072	203	130	753	769
1073	203	144	784	750
1074	203	741	764	767
1075	203	726	785	756
1076	203	738	755	765
1077	203	274	755	779
1078	203	756	785	771
1079	203	724	739	783
1080	203	723	734	775
1081	203	274	779	275
1082	203	723	775	767
1083	203	729	768	763
1084	203	738	779	755
1085	203	275	779	760
1086	203	728	769	753
1087	203	122	756	771
1088	203	281	780	757
1089	203	738	760	779
1090	203	138	773	725
1091	203	723	786	732
1092	203	723	764	786
1093	203	748	758	772
1094	203	279	772	758
1095	203	272	786	764
1096	203	732	786	743
1097	203	735	771	785
1098	203	131	769	780
1099	203	135	781	770
1100	203	744	770	781
1101	203	735	785	766
1102	203	272	743	786
1103	203	139	748	772
1104	203	54	743	272
1105	203	56	279	758
1106	203	54	280	740
1107	203	54	740	736
1108	203	54	736	743
1109	203	56	748	730
1110	203	280	739	740
1111	203	723	732	737
1112	203	725	730	748
1113	203	65	807	321
1114	203	807	828	321
1115	203	790	826	792
1116	203	826	297	792
1117	203	799	815	813
1118	203	163	812	787
1119	203	317	791	318
1120	203	160	825	820
1121	203	65	808	807
1122	203	813	815	788
1123	203	13	152	809
1124	203	160	820	161
1125	203	61	793	801
1126	203	313	165	818
1127	203	164	818	165
1128	203	62	813	798
1129	203	795	820	825
1130	203	317	805	791
1131	203	790	792	802
1132	203	13	801	804
1133	203	315	796	316
1134	203	798	806	822
1135	203	13	809	801
1136	203	162	820	812
1137	203	320	802	808
1138	203	11	809	152
1139	203	320	790	802
1140	203	162	812	163
1141	203	61	816	12
1142	203	11	329	809
1143	203	63	822	821
1144	203	161	820	162
1145	203	788	800	806
1146	203	163	815	797
1147	203	799	814	818
1148	203	163	797	164
1149	203	792	807	802
1150	203	159	828	803
1151	203	5	299	825
1152	203	793	804	801
1153	203	318	800	817
1154	203	163	787	815
1155	203	803	828	807
1156	203	5	825	160
1157	203	313	818	814
1158	203	787	800	788
1159	203	63	821	823
1160	203	297	826	298
1161	203	318	817	319
1162	203	796	811	805
1163	203	789	812	820
1164	203	320	819	790
1165	203	319	819	320
1166	203	794	822	806
1167	203	318	791	800
1168	203	793	810	804
1169	203	789	820	824
1170	203	787	812	827
1171	203	795	824	820
1172	203	791	806	800
1173	203	791	794	806
1174	203	315	316	830
1175	203	61	801	816
1176	203	319	817	819
1177	203	799	813	814
1178	203	787	827	800
1179	203	298	829	299
1180	203	797	799	818
1181	203	789	819	817
1182	203	801	809	816
1183	203	805	811	823
1184	203	787	788	815
1185	203	317	796	805
1186	203	12	816	329
1187	203	316	810	830
1188	203	797	815	799
1189	203	795	826	824
1190	203	800	827	817
1191	203	790	824	826
1192	203	788	806	798
1193	203	790	819	824
1194	203	789	824	819
1195	203	793	830	810
1196	203	789	827	812
1197	203	789	817	827
1198	203	299	829	825
1199	203	164	797	818
1200	203	802	807	808
1201	203	298	826	829
1202	203	792	803	807
1203	203	795	825	829
1204	203	329	816	809
1205	203	794	821	822
1206	203	795	829	826
1207	203	805	823	821
1208	203	4	792	297
1209	203	61	12	165
1210	203	61	315	793
1211	203	62	313	814
1212	203	63	811	315
1213	203	63	823	811
1214	203	13	810	316
1215	203	13	804	810
1216	203	65	320	808
1217	203	15	828	159
1218	203	315	830	793
1219	203	315	811	796
1220	203	316	796	317
1221	203	4	159	803
1222	203	4	803	792
1223	203	313	61	165
1224	203	62	798	314
1225	203	62	814	813
1226	203	63	314	822
1227	203	15	321	828
1228	203	314	798	822
1229	203	788	798	813
1230	203	791	805	794
1231	203	794	805	821
1232	203	16	331	167
1233	203	167	331	17
1234	203	831	17	331
1235	203	831	331	16
1236	203	170	17	831
1237	203	19	833	334
1238	203	832	831	16
1239	203	18	334	834
1240	203	831	832	834
1241	203	18	834	169
1242	203	170	831	833
1243	203	831	834	833
1244	203	169	834	832
1245	203	19	170	833
1246	203	334	833	834
1247	203	16	169	832
1248	203	174	835	841
1249	203	173	835	174
1250	203	835	837	841
1251	203	282	837	839
1252	203	836	838	843
1253	203	282	283	837
1254	203	281	282	839
1255	203	173	840	835
1256	203	836	839	837
1257	203	172	843	838
1258	203	18	172	838
1259	203	19	840	173
1260	203	7	174	841
1261	203	6	844	171
1262	203	836	842	838
1263	203	835	836	837
1264	203	7	841	283
1265	203	283	841	837
1266	203	18	838	334
1267	203	836	843	839
1268	203	171	839	843
1269	203	171	843	172
1270	203	844	839	171
1271	203	19	334	840
1272	203	835	842	836
1273	203	835	840	842
1274	203	6	281	844
1275	203	281	839	844
1276	203	334	838	842
1277	203	334	842	840
1278	203	12	329	175
1279	203	175	329	11
1280	203	21	341	845
1281	203	15	845	321
1282	203	73	846	341
1283	203	65	321	846
1284	203	321	341	846
1285	203	15	21	845
1286	203	321	845	341
1287	203	65	846	73
1288	203	22	177	77
1289	203	22	77	344
1290	203	23	343	177
1291	203	177	343	77
1292	203	184	78	25
1293	203	25	78	345
1294	203	22	344	350
1295	203	180	22	350
1296	203	344	77	350
1297	203	78	184	346
1298	203	347	346	183
1299	203	183	346	184
1300	203	182	348	347
1301	203	182	347	183
1302	203	181	349	348
1303	203	181	348	182
1304	203	180	350	349
1305	203	180	349	181
1306	203	191	73	21
1307	203	21	73	341
1308	203	25	345	849
1309	203	73	848	78
1310	203	73	191	847
1311	203	73	847	848
1312	203	78	849	345
1313	203	78	848	849
1314	203	25	847	191
1315	203	25	848	847
1316	203	25	849	848
1317	203	13	316	850
1318	203	65	855	320
1319	203	73	361	855
1320	203	27	850	357
1321	203	316	317	851
1322	203	317	318	852
1323	203	318	319	853
1324	203	319	320	854
1325	203	357	851	358
1326	203	358	852	359
1327	203	359	853	360
1328	203	360	854	361
1329	203	13	850	27
1330	203	65	73	855
1331	203	316	357	850
1332	203	316	851	357
1333	203	317	358	851
1334	203	317	852	358
1335	203	318	359	852
1336	203	318	853	359
1337	203	319	360	853
1338	203	319	854	360
1339	203	320	361	854
1340	203	320	855	361
1341	203	362	861	859
1342	203	77	343	858
1343	203	77	858	350
1344	203	856	859	861
1345	203	202	857	858
1346	203	362	363	861
1347	203	856	348	349
1348	203	349	857	856
1349	203	364	365	860
1350	203	201	202	858
1351	203	861	348	856
1352	203	347	348	862
1353	203	348	861	862
1354	203	343	864	858
1355	203	28	362	859
1356	203	350	858	857
1357	203	349	350	857
1358	203	28	859	203
1359	203	202	863	857
1360	203	346	860	365
1361	203	856	857	863
1362	203	202	203	863
1363	203	347	862	860
1364	203	364	860	862
1365	203	363	364	862
1366	203	203	859	863
1367	203	23	864	343
1368	203	861	363	862
1369	203	856	863	859
1370	203	201	858	864
1371	203	23	201	864
1372	203	346	347	860
1373	203	78	346	365
1374	203	867	874	360
1375	203	879	867	360
1376	203	78	869	361
1377	203	362	868	871
1378	203	365	870	869
1379	203	361	869	873
1380	203	360	870	365
1381	203	357	362	871
1382	203	359	874	364
1383	203	358	876	363
1384	203	358	363	875
1385	203	357	877	362
1386	203	868	872	871
1387	203	27	878	28
1388	203	360	365	879
1389	203	27	872	878
1390	203	869	870	873
1391	203	868	878	872
1392	203	78	365	869
1393	203	27	357	872
1394	203	28	868	362
1395	203	28	878	868
1396	203	357	358	875
1397	203	357	871	872
1398	203	357	875	877
1399	203	358	359	876
1400	203	359	360	874
1401	203	359	865	876
1402	203	360	361	873
1403	203	360	873	870
1404	203	362	866	363
1405	203	362	877	866
1406	203	363	865	364
1407	203	363	876	865
1408	203	363	866	875
1409	203	364	867	365
1410	203	364	874	867
1411	203	365	867	879
1412	203	866	877	875
1413	203	78	361	73
1414	203	359	364	865
1415	203	370	887	83
1416	203	376	90	888
1417	203	83	887	896
1418	203	90	897	888
1419	203	370	892	887
1420	203	85	372	898
1421	203	85	898	371
1422	203	376	888	891
1423	203	88	894	374
1424	203	84	371	892
1425	203	881	885	882
1426	203	375	891	894
1427	203	82	369	893
1428	203	86	890	889
1429	203	87	894	890
1430	203	63	883	880
1431	203	91	895	377
1432	203	372	889	898
1433	203	62	882	884
1434	203	62	314	882
1435	203	314	881	882
1436	203	63	880	314
1437	203	886	887	892
1438	203	371	898	892
1439	203	881	889	890
1440	203	83	896	369
1441	203	880	886	881
1442	203	369	896	893
1443	203	882	885	891
1444	203	880	887	886
1445	203	90	377	897
1446	203	314	880	881
1447	203	881	890	885
1448	203	888	897	895
1449	203	880	883	887
1450	203	882	891	888
1451	203	887	893	896
1452	203	377	895	897
1453	203	882	888	884
1454	203	881	886	889
1455	203	883	893	887
1456	203	885	890	894
1457	203	884	888	895
1458	203	885	894	891
1459	203	886	898	889
1460	203	886	892	898
1461	203	62	884	91
1462	203	63	82	883
1463	203	82	893	883
1464	203	91	884	895
1465	203	84	892	370
1466	203	86	889	372
1467	203	86	373	890
1468	203	87	890	373
1469	203	87	374	894
1470	203	88	375	894
1471	203	89	891	375
1472	203	89	376	891
1473	203	61	92	900
1474	203	92	378	900
1475	203	61	900	315
1476	203	63	315	899
1477	203	82	899	379
1478	203	93	379	315
1479	203	93	315	900
1480	203	93	900	378
1481	203	315	379	899
1482	203	63	899	82
1483	203	94	381	903
1484	203	95	902	903
1485	203	94	903	905
1486	203	382	904	902
1487	203	92	904	382
1488	203	61	902	904
1489	203	61	904	92
1490	203	61	313	903
1491	203	61	903	902
1492	203	62	901	313
1493	203	91	380	901
1494	203	94	905	380
1495	203	313	901	380
1496	203	313	380	905
1497	203	313	905	903
1498	203	62	91	901
1499	203	95	903	381
1500	203	95	382	902
1501	203	916	94	912
1502	203	95	917	382
1503	203	911	916	912
1504	203	391	912	907
1505	203	92	382	917
1506	203	916	917	95
1507	203	906	915	914
1508	203	388	909	385
1509	203	95	381	916
1510	203	383	906	914
1511	203	97	919	913
1512	203	390	915	391
1513	203	383	914	384
1514	203	384	918	385
1515	203	389	918	914
1516	203	384	914	918
1517	203	906	912	915
1518	203	386	910	919
1519	203	389	914	390
1520	203	390	914	915
1521	203	906	911	912
1522	203	918	388	385
1523	203	391	915	912
1524	203	909	913	910
1525	203	388	918	389
1526	203	383	908	906
1527	203	906	908	911
1528	203	911	917	916
1529	203	908	917	911
1530	203	910	913	919
1531	203	82	391	907
1532	203	92	908	383
1533	203	92	917	908
1534	203	96	385	910
1535	203	97	386	919
1536	203	98	909	388
1537	203	98	913	909
1538	203	82	907	369
1539	203	83	369	907
1540	203	83	907	370
1541	203	84	370	907
1542	203	84	907	371
1543	203	85	371	907
1544	203	85	907	372
1545	203	86	372	907
1546	203	86	907	373
1547	203	87	373	907
1548	203	87	907	374
1549	203	88	374	907
1550	203	88	907	375
1551	203	89	375	907
1552	203	89	907	376
1553	203	90	376	907
1554	203	90	907	377
1555	203	91	377	907
1556	203	91	907	380
1557	203	94	380	912
1558	203	94	916	381
1559	203	96	910	386
1560	203	97	913	387
1561	203	98	387	913
1562	203	380	907	912
1563	203	385	909	910
1564	203	390	922	920
1565	203	390	391	922
1566	203	92	926	378
1567	203	379	391	82
1568	203	98	921	392
1569	203	390	920	923
1570	203	378	926	920
1571	203	93	922	379
1572	203	93	920	922
1573	203	379	922	391
1574	203	389	923	925
1575	203	388	925	921
1576	203	385	921	925
1577	203	392	921	924
1578	203	383	384	923
1579	203	384	925	923
1580	203	383	923	920
1581	203	384	385	925
1582	203	96	392	924
1583	203	389	390	923
1584	203	388	389	925
1585	203	385	924	921
1586	203	383	920	926
1587	203	92	383	926
1588	203	96	924	385
1589	203	98	388	921
1590	203	93	378	920
1591	203	98	930	928
1592	203	928	930	931
1593	203	929	931	930
1594	203	98	928	387
1595	203	97	387	928
1596	203	97	928	931
1597	203	97	929	386
1598	203	97	931	929
1599	203	98	392	930
1600	203	386	929	927
1601	203	392	927	930
1602	203	386	392	96
1603	203	386	927	392
1604	203	927	929	930
1605	203	100	933	393
1606	203	396	395	934
1607	203	395	394	935
1608	203	936	394	393
1609	203	279	932	396
1610	203	55	933	100
1611	203	279	396	934
1612	203	277	935	394
1613	203	277	394	936
1614	203	278	934	395
1615	203	935	278	395
1616	203	393	933	276
1617	203	936	393	276
1618	203	55	276	933
1619	203	56	932	279
1620	203	99	396	932
1621	203	276	277	936
1622	203	277	278	935
1623	203	278	279	934
1624	203	56	99	932
1625	203	937	939	942
1626	203	56	280	939
1627	203	99	941	397
1628	203	280	942	939
1629	203	397	941	940
1630	203	101	397	943
1631	203	397	940	943
1632	203	54	942	280
1633	203	937	940	941
1634	203	937	942	944
1635	203	938	943	940
1636	203	937	944	940
1637	203	938	940	944
1638	203	54	945	942
1639	203	938	944	945
1640	203	942	945	944
1641	203	54	101	938
1642	203	54	938	945
1643	203	56	939	99
1644	203	99	939	941
1645	203	101	943	938
1646	203	937	941	939
1647	203	101	948	399
1648	203	400	399	273
1649	203	102	946	398
1650	203	54	948	101
1651	203	399	272	273
1652	203	948	272	399
1653	203	54	272	948
1654	203	55	100	946
1655	203	55	947	275
1656	203	55	946	947
1657	203	102	401	947
1658	203	274	400	273
1659	203	274	275	401
1660	203	401	400	274
1661	203	275	947	401
1662	203	100	398	946
1663	203	102	947	946
1664	203	949	952	951
1665	203	106	950	952
1666	203	950	953	952
1667	203	951	952	953
1668	203	106	404	950
1669	203	105	950	404
1670	203	105	953	950
1671	203	403	103	402
1672	203	403	402	104
1673	203	105	403	951
1674	203	105	951	953
1675	203	106	952	405
1676	203	403	949	951
1677	203	405	952	949
1678	203	403	104	405
1679	203	403	405	949
1680	203	394	958	959
1681	203	393	394	959
1682	203	425	426	414
1683	203	408	956	409
1684	203	959	967	966
1685	203	426	415	414
1686	203	408	971	956
1687	203	409	956	957
1688	203	420	957	956
1689	203	409	957	410
1690	203	967	406	966
1691	203	420	421	957
1692	203	99	416	396
1693	203	411	963	412
1694	203	412	963	965
1695	203	410	961	411
1696	203	394	395	958
1697	203	106	405	960
1698	203	955	956	971
1699	203	410	957	961
1700	203	414	969	425
1701	203	954	959	958
1702	203	406	967	407
1703	203	419	972	968
1704	203	418	419	968
1705	203	395	396	962
1706	203	411	961	963
1707	203	421	422	961
1708	203	412	965	413
1709	203	955	967	968
1710	203	416	417	962
1711	203	421	961	957
1712	203	413	965	969
1713	203	395	962	958
1714	203	393	959	966
1715	203	954	968	967
1716	203	420	956	972
1717	203	415	426	960
1718	203	418	968	970
1719	203	419	420	972
1720	203	417	418	970
1721	203	396	416	962
1722	203	100	966	406
1723	203	417	970	962
1724	203	955	972	956
1725	203	413	969	414
1726	203	423	965	963
1727	203	958	962	970
1728	203	955	968	972
1729	203	422	423	963
1730	203	100	393	966
1731	203	423	424	965
1732	203	955	971	967
1733	203	424	969	965
1734	203	407	971	408
1735	203	104	964	405
1736	203	405	964	960
1737	203	422	963	961
1738	203	424	425	969
1739	203	954	970	968
1740	203	407	967	971
1741	203	954	958	970
1742	203	954	967	959
1743	203	415	960	964
1744	203	104	415	964
1745	203	106	960	426
1746	203	973	99	101
1747	203	101	99	397
1748	203	105	975	977
1749	203	105	977	403
1750	203	435	426	425
1751	203	974	980	987
1752	203	990	418	974
1753	203	400	987	980
1754	203	978	418	990
1755	203	430	431	981
1756	203	436	426	435
1757	203	417	974	418
1758	203	417	980	974
1759	203	431	982	981
1760	203	431	432	982
1761	203	399	400	980
1762	203	419	978	979
1763	203	432	433	983
1764	203	432	983	982
1765	203	428	988	990
1766	203	426	436	975
1767	203	418	978	419
1768	203	428	990	976
1769	203	433	984	983
1770	203	974	987	976
1771	203	425	989	435
1772	203	419	979	420
1773	203	430	981	991
1774	203	420	979	981
1775	203	974	976	990
1776	203	416	973	399
1777	203	434	435	989
1778	203	978	988	979
1779	203	420	981	421
1780	203	976	987	986
1781	203	434	989	984
1782	203	433	434	984
1783	203	421	982	422
1784	203	423	983	984
1785	203	423	984	424
1786	203	979	988	991
1787	203	400	401	987
1788	203	102	427	986
1789	203	979	991	981
1790	203	421	981	982
1791	203	428	429	988
1792	203	427	428	976
1793	203	416	980	417
1794	203	422	983	423
1795	203	429	991	988
1796	203	436	985	977
1797	203	422	982	983
1798	203	424	984	989
1799	203	429	430	991
1800	203	102	986	401
1801	203	424	989	425
1802	203	978	990	988
1803	203	980	416	399
1804	203	103	403	985
1805	203	401	986	987
1806	203	427	976	986
1807	203	403	977	985
1808	203	99	973	416
1809	203	101	399	973
1810	203	103	985	436
1811	203	106	975	404
1812	203	106	426	975
1813	203	105	404	975
1814	203	436	977	975
1815	203	997	1001	1002
1816	203	100	1002	1003
1817	203	100	1003	398
1818	203	1001	1003	1002
1819	203	102	398	1004
1820	203	398	1003	1004
1821	203	1001	1004	1003
1822	203	100	406	1002
1823	203	102	994	427
1824	203	102	1001	994
1825	203	102	1004	1001
1826	203	402	103	436
1827	203	104	402	436
1828	203	104	436	415
1829	203	406	407	1000
1830	203	406	999	997
1831	203	406	997	1002
1832	203	407	408	995
1833	203	407	995	998
1834	203	407	996	1000
1835	203	408	430	429
1836	203	409	410	431
1837	203	409	431	430
1838	203	410	411	432
1839	203	431	410	432
1840	203	411	412	433
1841	203	432	411	433
1842	203	412	413	434
1843	203	433	412	434
1844	203	413	414	992
1845	203	415	435	414
1846	203	414	993	992
1847	203	415	436	435
1848	203	427	996	428
1849	203	427	994	999
1850	203	427	1000	996
1851	203	428	998	429
1852	203	429	998	995
1853	203	434	993	435
1854	203	434	992	993
1855	203	994	997	999
1856	203	994	1001	997
1857	203	406	427	999
1858	203	406	1000	427
1859	203	407	428	996
1860	203	407	998	428
1861	203	408	409	430
1862	203	408	429	995
1863	203	413	992	434
1864	203	414	435	993